"user_id","total_rides","rides_completed","rides_canceled"
"100000","26","0","26"
"100001","23","0","23"
"100002","37","37","0"
"100004","32","32","0"
"100006","28","0","28"
"100007","28","28","0"
"100008","42","42","0"
"100009","21","0","21"
"100010","44","44","0"
"100012","36","36","0"
"100013","26","0","26"
"100014","37","37","0"
"100015","34","34","0"
"100016","47","47","0"
"100018","28","0","28"
"100020","32","32","0"
"100021","23","0","23"
"100022","37","37","0"
"100023","25","0","25"
"100024","35","35","0"
"100025","25","0","25"
"100026","44","44","0"
"100027","35","0","35"
"100028","43","43","0"
"100029","32","0","32"
"100030","45","45","0"
"100032","32","32","0"
"100033","45","45","0"
"100034","22","0","22"
"100035","28","0","28"
"100037","47","47","0"
"100038","25","0","25"
"100039","28","0","28"
"100040","27","27","0"
"100041","34","34","0"
"100043","36","0","36"
"100044","19","0","19"
"100047","39","39","0"
"100048","23","23","0"
"100050","31","31","0"
"100052","44","44","0"
"100053","28","0","28"
"100054","40","40","0"
"100057","40","40","0"
"100059","45","45","0"
"100060","18","0","18"
"100061","43","43","0"
"100062","35","35","0"
"100063","38","38","0"
"100065","34","34","0"
"100066","22","22","0"
"100067","27","27","0"
"100068","33","0","33"
"100069","31","0","31"
"100071","29","29","0"
"100072","41","41","0"
"100073","26","0","26"
"100074","38","38","0"
"100075","36","36","0"
"100076","28","28","0"
"100078","30","0","30"
"100079","26","26","0"
"100080","25","0","25"
"100082","32","32","0"
"100083","28","28","0"
"100084","33","33","0"
"100086","32","32","0"
"100087","32","32","0"
"100088","25","0","25"
"100089","30","0","30"
"100090","42","42","0"
"100091","19","0","19"
"100094","31","31","0"
"100096","40","40","0"
"100097","25","0","25"
"100098","32","0","32"
"100099","35","35","0"
"100100","27","0","27"
"100101","30","0","30"
"100102","41","41","0"
"100103","22","22","0"
"100104","34","34","0"
"100105","31","0","31"
"100106","51","51","0"
"100107","30","0","30"
"100108","28","0","28"
"100109","38","38","0"
"100111","36","36","0"
"100114","34","34","0"
"100115","37","37","0"
"100116","40","40","0"
"100117","22","0","22"
"100121","25","25","0"
"100122","41","41","0"
"100123","33","33","0"
"100124","22","0","22"
"100127","34","34","0"
"100129","39","39","0"
"100130","22","0","22"
"100135","31","31","0"
"100136","23","0","23"
"100137","38","38","0"
"100138","28","0","28"
"100139","35","35","0"
"100140","35","0","35"
"100141","46","46","0"
"100142","35","35","0"
"100143","38","38","0"
"100144","35","35","0"
"100145","18","0","18"
"100146","29","29","0"
"100149","37","0","37"
"100151","21","0","21"
"100155","28","0","28"
"100158","29","0","29"
"100159","32","0","32"
"100161","26","0","26"
"100162","26","0","26"
"100163","43","43","0"
"100165","30","30","0"
"100166","35","0","35"
"100167","33","33","0"
"100168","34","34","0"
"100169","43","43","0"
"100170","27","0","27"
"100171","47","47","0"
"100173","39","39","0"
"100174","20","0","20"
"100176","18","0","18"
"100177","26","0","26"
"100178","41","41","0"
"100180","21","0","21"
"100181","18","0","18"
"100182","34","34","0"
"100184","31","31","0"
"100185","48","48","0"
"100186","25","0","25"
"100187","27","0","27"
"100188","29","0","29"
"100189","34","34","0"
"100190","34","34","0"
"100191","25","0","25"
"100194","31","0","31"
"100196","21","0","21"
"100198","29","0","29"
"100201","36","36","0"
"100202","28","0","28"
"100203","30","30","0"
"100204","16","0","16"
"100205","43","43","0"
"100207","34","34","0"
"100208","14","0","14"
"100209","40","40","0"
"100210","30","0","30"
"100211","37","37","0"
"100212","27","0","27"
"100213","35","35","0"
"100214","50","50","0"
"100216","27","0","27"
"100217","42","42","0"
"100218","35","35","0"
"100219","33","33","0"
"100220","36","36","0"
"100221","33","0","33"
"100223","33","33","0"
"100224","40","40","0"
"100225","42","42","0"
"100226","28","0","28"
"100227","30","0","30"
"100228","37","0","37"
"100229","21","0","21"
"100231","37","37","0"
"100232","22","22","0"
"100234","25","25","0"
"100235","26","0","26"
"100236","30","0","30"
"100237","23","0","23"
"100238","44","44","0"
"100240","22","0","22"
"100241","29","0","29"
"100244","31","0","31"
"100245","30","0","30"
"100246","30","30","0"
"100247","31","31","0"
"100248","27","0","27"
"100249","23","0","23"
"100250","27","0","27"
"100251","30","0","30"
"100252","24","0","24"
"100253","34","34","0"
"100255","33","33","0"
"100256","26","0","26"
"100257","35","35","0"
"100259","27","27","0"
"100260","50","50","0"
"100262","26","0","26"
"100263","25","0","25"
"100264","33","33","0"
"100265","35","0","35"
"100266","29","29","0"
"100267","34","0","34"
"100269","22","0","22"
"100270","29","29","0"
"100272","33","0","33"
"100274","38","0","38"
"100275","24","24","0"
"100276","50","50","0"
"100277","44","44","0"
"100278","35","0","35"
"100279","26","0","26"
"100280","29","29","0"
"100281","24","0","24"
"100282","26","0","26"
"100283","16","0","16"
"100285","26","0","26"
"100287","34","34","0"
"100288","25","0","25"
"100289","28","28","0"
"100291","40","40","0"
"100293","27","27","0"
"100295","36","36","0"
"100296","36","36","0"
"100297","30","0","30"
"100299","38","38","0"
"100301","26","0","26"
"100303","27","0","27"
"100304","21","0","21"
"100305","35","35","0"
"100306","28","28","0"
"100307","41","41","0"
"100309","22","0","22"
"100310","40","40","0"
"100313","25","0","25"
"100314","25","0","25"
"100315","34","34","0"
"100317","34","34","0"
"100318","23","0","23"
"100319","30","0","30"
"100321","31","31","0"
"100322","31","31","0"
"100323","37","37","0"
"100325","53","53","0"
"100326","29","29","0"
"100327","41","41","0"
"100328","32","32","0"
"100330","19","0","19"
"100331","46","46","0"
"100334","39","39","0"
"100336","22","0","22"
"100338","28","0","28"
"100340","32","32","0"
"100341","39","39","0"
"100342","50","50","0"
"100344","27","0","27"
"100345","31","31","0"
"100346","17","0","17"
"100347","31","31","0"
"100349","34","0","34"
"100350","33","33","0"
"100351","24","24","0"
"100356","34","34","0"
"100357","40","40","0"
"100358","35","35","0"
"100359","24","0","24"
"100360","23","0","23"
"100361","34","34","0"
"100362","35","0","35"
"100363","29","29","0"
"100366","51","51","0"
"100367","30","0","30"
"100368","36","36","0"
"100369","29","0","29"
"100370","18","0","18"
"100371","25","0","25"
"100372","41","41","0"
"100373","32","32","0"
"100374","28","0","28"
"100375","38","38","0"
"100376","40","40","0"
"100377","20","0","20"
"100379","33","33","0"
"100380","29","0","29"
"100381","33","33","0"
"100382","31","31","0"
"100383","40","40","0"
"100384","33","33","0"
"100385","26","0","26"
"100386","39","39","0"
"100387","30","30","0"
"100388","38","38","0"
"100390","33","0","33"
"100392","30","30","0"
"100393","28","28","0"
"100394","23","0","23"
"100395","38","38","0"
"100396","22","0","22"
"100397","27","27","0"
"100399","21","0","21"
"100400","32","32","0"
"100402","26","0","26"
"100403","30","30","0"
"100404","23","0","23"
"100405","31","31","0"
"100406","33","33","0"
"100407","31","31","0"
"100408","31","0","31"
"100409","22","0","22"
"100410","35","35","0"
"100411","26","26","0"
"100412","24","0","24"
"100414","31","31","0"
"100415","31","0","31"
"100416","36","36","0"
"100417","13","0","13"
"100418","24","0","24"
"100421","32","32","0"
"100422","22","22","0"
"100424","20","0","20"
"100425","40","40","0"
"100427","32","32","0"
"100429","25","0","25"
"100430","31","0","31"
"100431","22","22","0"
"100432","21","0","21"
"100434","29","0","29"
"100435","27","0","27"
"100436","23","0","23"
"100437","25","0","25"
"100438","35","35","0"
"100439","31","31","0"
"100441","23","0","23"
"100443","31","0","31"
"100444","43","43","0"
"100445","27","0","27"
"100446","18","0","18"
"100448","38","38","0"
"100449","19","0","19"
"100450","33","0","33"
"100452","31","31","0"
"100454","38","38","0"
"100455","36","36","0"
"100457","32","32","0"
"100458","36","36","0"
"100460","26","0","26"
"100461","34","34","0"
"100462","24","0","24"
"100465","30","30","0"
"100466","32","32","0"
"100469","25","0","25"
"100471","32","32","0"
"100472","35","35","0"
"100473","33","33","0"
"100474","32","0","32"
"100477","38","0","38"
"100482","27","0","27"
"100484","22","0","22"
"100486","29","0","29"
"100487","32","32","0"
"100489","42","42","0"
"100490","20","0","20"
"100491","40","40","0"
"100492","33","33","0"
"100495","28","0","28"
"100496","25","0","25"
"100497","29","29","0"
"100498","27","27","0"
"100499","35","35","0"
"100500","26","26","0"
"100501","35","35","0"
"100502","31","31","0"
"100503","23","0","23"
"100505","26","26","0"
"100506","22","0","22"
"100508","28","28","0"
"100509","23","23","0"
"100510","26","0","26"
"100511","35","0","35"
"100512","31","31","0"
"100513","27","0","27"
"100514","48","48","0"
"100515","29","0","29"
"100516","21","0","21"
"100517","27","27","0"
"100518","47","47","0"
"100519","32","0","32"
"100521","14","0","14"
"100522","32","32","0"
"100523","41","0","41"
"100524","41","41","0"
"100525","30","0","30"
"100526","44","44","0"
"100527","25","25","0"
"100528","17","0","17"
"100529","23","0","23"
"100530","34","0","34"
"100531","33","0","33"
"100532","17","0","17"
"100534","35","35","0"
"100537","31","0","31"
"100538","32","32","0"
"100539","41","41","0"
"100540","37","0","37"
"100542","38","38","0"
"100543","33","33","0"
"100544","21","0","21"
"100546","22","0","22"
"100548","26","26","0"
"100549","24","0","24"
"100550","36","36","0"
"100552","40","40","0"
"100554","40","40","0"
"100557","37","37","0"
"100559","35","35","0"
"100560","25","0","25"
"100561","27","0","27"
"100564","31","0","31"
"100565","42","42","0"
"100567","37","37","0"
"100568","35","35","0"
"100569","25","0","25"
"100570","26","0","26"
"100572","27","27","0"
"100573","22","0","22"
"100574","36","36","0"
"100576","37","37","0"
"100577","24","0","24"
"100579","35","0","35"
"100580","31","0","31"
"100581","20","0","20"
"100582","25","0","25"
"100583","27","0","27"
"100585","28","28","0"
"100586","28","0","28"
"100587","47","47","0"
"100589","26","0","26"
"100590","21","0","21"
"100591","38","38","0"
"100592","38","38","0"
"100593","27","0","27"
"100594","35","35","0"
"100595","26","0","26"
"100596","27","27","0"
"100597","24","0","24"
"100601","29","29","0"
"100602","24","0","24"
"100605","27","0","27"
"100607","30","30","0"
"100608","27","0","27"
"100609","31","0","31"
"100611","25","0","25"
"100612","27","0","27"
"100613","25","25","0"
"100614","37","37","0"
"100617","23","0","23"
"100618","31","31","0"
"100619","25","0","25"
"100621","25","0","25"
"100622","28","0","28"
"100623","31","0","31"
"100624","21","0","21"
"100626","38","38","0"
"100627","42","42","0"
"100628","35","35","0"
"100630","26","0","26"
"100631","19","0","19"
"100634","41","41","0"
"100636","39","39","0"
"100637","15","0","15"
"100638","17","0","17"
"100640","24","0","24"
"100641","42","42","0"
"100642","34","0","34"
"100644","34","0","34"
"100645","40","40","0"
"100646","27","0","27"
"100647","31","0","31"
"100648","39","39","0"
"100650","27","0","27"
"100651","29","0","29"
"100652","39","39","0"
"100654","46","46","0"
"100655","45","45","0"
"100656","35","0","35"
"100657","38","0","38"
"100658","32","0","32"
"100660","33","33","0"
"100661","38","38","0"
"100662","26","26","0"
"100664","38","38","0"
"100665","37","37","0"
"100666","28","0","28"
"100668","27","27","0"
"100670","40","40","0"
"100672","19","0","19"
"100673","37","37","0"
"100674","33","33","0"
"100675","43","43","0"
"100676","22","0","22"
"100677","41","41","0"
"100678","23","0","23"
"100679","34","0","34"
"100680","28","0","28"
"100681","36","36","0"
"100682","38","0","38"
"100683","25","0","25"
"100684","29","29","0"
"100685","32","32","0"
"100687","25","25","0"
"100688","27","27","0"
"100689","37","37","0"
"100690","22","0","22"
"100692","40","40","0"
"100694","33","33","0"
"100695","33","33","0"
"100696","40","40","0"
"100697","32","0","32"
"100698","30","0","30"
"100699","42","42","0"
"100700","26","0","26"
"100701","28","28","0"
"100703","27","0","27"
"100706","26","0","26"
"100707","43","43","0"
"100709","41","41","0"
"100710","43","43","0"
"100711","38","38","0"
"100713","34","34","0"
"100714","41","41","0"
"100717","38","38","0"
"100718","30","0","30"
"100722","32","32","0"
"100723","16","0","16"
"100725","41","41","0"
"100727","31","0","31"
"100728","37","37","0"
"100729","27","27","0"
"100730","20","0","20"
"100732","28","0","28"
"100733","42","0","42"
"100734","28","0","28"
"100735","34","34","0"
"100736","27","0","27"
"100737","36","36","0"
"100739","35","35","0"
"100740","24","0","24"
"100741","34","34","0"
"100742","28","0","28"
"100743","36","36","0"
"100745","32","32","0"
"100746","24","0","24"
"100747","45","45","0"
"100748","41","41","0"
"100749","46","46","0"
"100750","24","0","24"
"100751","22","0","22"
"100752","40","40","0"
"100753","42","42","0"
"100755","43","43","0"
"100756","24","0","24"
"100757","28","0","28"
"100758","34","34","0"
"100760","20","0","20"
"100761","20","0","20"
"100764","28","28","0"
"100765","38","38","0"
"100767","26","0","26"
"100771","31","31","0"
"100773","32","32","0"
"100776","36","36","0"
"100778","20","0","20"
"100779","27","0","27"
"100780","43","43","0"
"100783","33","0","33"
"100784","20","0","20"
"100787","26","26","0"
"100789","36","36","0"
"100791","32","0","32"
"100792","39","39","0"
"100794","39","39","0"
"100795","21","0","21"
"100796","34","34","0"
"100798","48","48","0"
"100799","35","0","35"
"100800","33","33","0"
"100801","20","0","20"
"100802","24","24","0"
"100804","22","0","22"
"100805","25","0","25"
"100806","27","0","27"
"100807","21","0","21"
"100808","45","45","0"
"100809","26","0","26"
"100810","43","43","0"
"100811","37","37","0"
"100812","47","47","0"
"100813","25","0","25"
"100814","35","35","0"
"100815","29","29","0"
"100816","37","37","0"
"100817","23","0","23"
"100818","30","0","30"
"100819","23","0","23"
"100820","35","0","35"
"100822","25","0","25"
"100823","38","38","0"
"100824","39","39","0"
"100826","29","0","29"
"100834","32","32","0"
"100835","27","27","0"
"100837","27","0","27"
"100838","42","42","0"
"100839","43","43","0"
"100840","30","30","0"
"100842","38","38","0"
"100843","29","0","29"
"100845","33","0","33"
"100846","34","0","34"
"100847","19","0","19"
"100848","31","0","31"
"100849","20","0","20"
"100850","21","0","21"
"100851","26","0","26"
"100852","34","0","34"
"100853","28","0","28"
"100854","42","42","0"
"100855","31","31","0"
"100856","30","0","30"
"100859","31","0","31"
"100860","43","43","0"
"100863","36","36","0"
"100865","24","24","0"
"100866","16","0","16"
"100867","36","36","0"
"100870","29","0","29"
"100871","23","0","23"
"100873","43","43","0"
"100875","40","40","0"
"100876","30","0","30"
"100877","40","40","0"
"100878","24","0","24"
"100879","31","31","0"
"100880","26","0","26"
"100881","35","35","0"
"100882","35","0","35"
"100884","41","41","0"
"100886","38","38","0"
"100889","31","31","0"
"100890","25","0","25"
"100891","44","44","0"
"100892","34","34","0"
"100893","23","0","23"
"100894","42","42","0"
"100895","39","39","0"
"100896","41","41","0"
"100897","27","0","27"
"100899","34","34","0"
"100900","37","0","37"
"100901","33","33","0"
"100903","37","37","0"
"100904","29","29","0"
"100905","29","0","29"
"100906","18","0","18"
"100907","27","0","27"
"100908","27","0","27"
"100909","41","41","0"
"100910","41","41","0"
"100911","32","0","32"
"100912","28","28","0"
"100913","23","0","23"
"100916","24","0","24"
"100917","25","0","25"
"100919","25","0","25"
"100925","22","0","22"
"100926","39","39","0"
"100927","36","36","0"
"100928","38","0","38"
"100929","28","0","28"
"100931","32","32","0"
"100932","27","0","27"
"100934","26","0","26"
"100935","30","0","30"
"100936","46","46","0"
"100937","24","0","24"
"100938","33","0","33"
"100939","32","32","0"
"100940","35","35","0"
"100941","37","37","0"
"100942","31","31","0"
"100943","35","0","35"
"100944","22","0","22"
"100945","18","0","18"
"100946","32","0","32"
"100947","30","30","0"
"100948","25","0","25"
"100950","24","0","24"
"100951","35","35","0"
"100953","35","35","0"
"100954","35","35","0"
"100956","37","37","0"
"100957","34","0","34"
"100959","29","0","29"
"100960","32","32","0"
"100961","36","36","0"
"100962","35","35","0"
"100963","25","0","25"
"100964","28","28","0"
"100966","23","0","23"
"100967","38","38","0"
"100968","26","26","0"
"100969","29","0","29"
"100970","28","0","28"
"100972","28","0","28"
"100973","30","30","0"
"100975","29","0","29"
"100976","36","0","36"
"100977","39","39","0"
"100978","44","44","0"
"100979","35","35","0"
"100981","29","0","29"
"100983","35","35","0"
"100984","27","0","27"
"100985","46","46","0"
"100987","26","0","26"
"100989","23","0","23"
"100991","29","29","0"
"100992","28","0","28"
"100993","34","0","34"
"100995","40","40","0"
"100996","35","35","0"
"100997","35","35","0"
"100998","31","31","0"
"101002","40","40","0"
"101003","28","28","0"
"101004","34","34","0"
"101005","26","26","0"
"101006","28","0","28"
"101007","38","38","0"
"101008","33","33","0"
"101009","40","40","0"
"101010","40","40","0"
"101011","39","39","0"
"101013","31","31","0"
"101014","30","0","30"
"101015","18","0","18"
"101016","36","36","0"
"101017","29","29","0"
"101018","30","0","30"
"101019","34","0","34"
"101020","29","29","0"
"101021","28","28","0"
"101023","17","0","17"
"101024","16","0","16"
"101027","34","34","0"
"101029","38","38","0"
"101031","31","0","31"
"101032","30","0","30"
"101033","31","0","31"
"101034","27","0","27"
"101035","41","41","0"
"101036","42","42","0"
"101037","35","0","35"
"101038","28","0","28"
"101039","31","31","0"
"101045","38","38","0"
"101048","26","0","26"
"101049","26","0","26"
"101050","29","29","0"
"101051","37","37","0"
"101052","31","31","0"
"101053","32","0","32"
"101054","27","0","27"
"101055","42","42","0"
"101056","24","0","24"
"101058","25","25","0"
"101059","37","37","0"
"101061","27","0","27"
"101062","34","34","0"
"101064","28","0","28"
"101066","34","34","0"
"101067","20","0","20"
"101068","43","43","0"
"101071","39","39","0"
"101072","38","0","38"
"101073","27","27","0"
"101074","22","0","22"
"101075","34","34","0"
"101078","31","31","0"
"101079","30","0","30"
"101081","34","34","0"
"101082","34","34","0"
"101083","24","0","24"
"101085","43","43","0"
"101087","25","0","25"
"101091","27","27","0"
"101092","29","0","29"
"101093","42","42","0"
"101096","40","40","0"
"101097","22","0","22"
"101098","43","43","0"
"101099","22","0","22"
"101100","18","0","18"
"101103","33","0","33"
"101104","40","40","0"
"101106","36","36","0"
"101107","19","0","19"
"101108","24","0","24"
"101109","28","28","0"
"101110","22","0","22"
"101111","27","0","27"
"101112","29","0","29"
"101113","35","35","0"
"101114","26","0","26"
"101115","28","0","28"
"101116","17","0","17"
"101117","17","0","17"
"101118","28","0","28"
"101119","29","0","29"
"101120","36","36","0"
"101121","28","0","28"
"101122","37","37","0"
"101124","35","35","0"
"101127","32","0","32"
"101128","25","0","25"
"101129","40","40","0"
"101131","30","30","0"
"101132","33","33","0"
"101134","23","0","23"
"101135","28","0","28"
"101136","22","0","22"
"101137","24","0","24"
"101138","20","0","20"
"101140","43","43","0"
"101141","17","0","17"
"101142","34","34","0"
"101144","21","0","21"
"101146","26","0","26"
"101147","32","32","0"
"101148","31","0","31"
"101150","40","40","0"
"101151","29","0","29"
"101152","33","33","0"
"101153","51","51","0"
"101154","37","37","0"
"101155","42","42","0"
"101156","32","0","32"
"101159","29","29","0"
"101161","30","0","30"
"101163","38","38","0"
"101165","28","0","28"
"101166","22","0","22"
"101167","18","0","18"
"101170","29","29","0"
"101171","42","42","0"
"101172","32","32","0"
"101175","32","32","0"
"101177","32","32","0"
"101178","42","42","0"
"101179","37","37","0"
"101180","23","0","23"
"101181","42","42","0"
"101182","33","0","33"
"101184","34","34","0"
"101186","40","40","0"
"101188","34","34","0"
"101189","28","0","28"
"101190","26","0","26"
"101191","35","35","0"
"101192","24","0","24"
"101194","26","0","26"
"101195","21","0","21"
"101196","37","37","0"
"101198","25","0","25"
"101199","35","35","0"
"101200","18","0","18"
"101201","25","0","25"
"101202","28","28","0"
"101203","41","41","0"
"101204","31","31","0"
"101205","33","0","33"
"101206","38","38","0"
"101208","31","0","31"
"101209","18","0","18"
"101210","25","0","25"
"101211","31","31","0"
"101212","35","35","0"
"101214","34","0","34"
"101215","25","0","25"
"101216","31","31","0"
"101217","23","0","23"
"101220","27","0","27"
"101221","28","0","28"
"101222","31","31","0"
"101223","33","33","0"
"101224","32","0","32"
"101225","33","0","33"
"101228","19","0","19"
"101237","40","40","0"
"101240","40","0","40"
"101242","35","35","0"
"101245","38","38","0"
"101246","31","31","0"
"101247","40","40","0"
"101248","44","44","0"
"101249","30","30","0"
"101251","26","26","0"
"101253","29","0","29"
"101254","30","30","0"
"101255","22","0","22"
"101256","24","0","24"
"101257","38","38","0"
"101258","34","34","0"
"101260","30","0","30"
"101261","24","0","24"
"101262","23","0","23"
"101265","42","42","0"
"101266","29","0","29"
"101267","26","0","26"
"101269","17","0","17"
"101272","35","0","35"
"101273","25","0","25"
"101274","17","0","17"
"101275","33","0","33"
"101276","34","34","0"
"101279","37","37","0"
"101280","26","26","0"
"101282","30","30","0"
"101284","29","29","0"
"101285","25","0","25"
"101286","24","0","24"
"101288","24","0","24"
"101290","31","31","0"
"101293","39","39","0"
"101294","36","36","0"
"101296","32","32","0"
"101297","37","37","0"
"101298","33","33","0"
"101299","35","35","0"
"101301","26","26","0"
"101302","30","30","0"
"101303","34","34","0"
"101304","32","0","32"
"101305","33","33","0"
"101307","36","36","0"
"101308","28","28","0"
"101309","20","0","20"
"101310","29","29","0"
"101312","31","0","31"
"101314","44","44","0"
"101315","27","0","27"
"101316","20","0","20"
"101317","33","33","0"
"101318","39","39","0"
"101319","27","0","27"
"101320","28","28","0"
"101321","20","0","20"
"101323","37","37","0"
"101324","26","0","26"
"101326","28","0","28"
"101328","25","0","25"
"101329","23","0","23"
"101331","25","0","25"
"101333","19","0","19"
"101335","29","0","29"
"101336","36","0","36"
"101338","13","0","13"
"101339","31","0","31"
"101340","30","0","30"
"101341","32","0","32"
"101342","29","0","29"
"101343","40","40","0"
"101344","28","0","28"
"101345","46","46","0"
"101347","26","0","26"
"101348","29","0","29"
"101349","37","37","0"
"101350","28","0","28"
"101351","43","43","0"
"101352","33","33","0"
"101356","34","34","0"
"101359","23","23","0"
"101363","38","38","0"
"101364","37","37","0"
"101365","44","44","0"
"101366","24","0","24"
"101367","23","0","23"
"101368","30","30","0"
"101369","39","39","0"
"101370","35","35","0"
"101374","38","38","0"
"101376","24","0","24"
"101377","18","0","18"
"101378","24","0","24"
"101379","28","0","28"
"101380","32","32","0"
"101381","38","38","0"
"101384","30","30","0"
"101385","32","0","32"
"101386","31","0","31"
"101387","33","33","0"
"101389","30","0","30"
"101390","31","0","31"
"101394","32","0","32"
"101395","41","41","0"
"101396","14","0","14"
"101398","20","0","20"
"101400","28","0","28"
"101403","25","0","25"
"101404","33","33","0"
"101406","36","36","0"
"101407","31","31","0"
"101408","29","0","29"
"101409","28","0","28"
"101410","46","46","0"
"101411","32","0","32"
"101412","22","0","22"
"101413","33","0","33"
"101415","38","38","0"
"101417","32","0","32"
"101420","18","0","18"
"101421","37","37","0"
"101423","24","0","24"
"101424","30","30","0"
"101427","29","0","29"
"101430","25","0","25"
"101431","26","26","0"
"101433","28","0","28"
"101434","25","0","25"
"101436","26","26","0"
"101437","27","27","0"
"101438","33","33","0"
"101439","26","0","26"
"101441","21","0","21"
"101443","37","37","0"
"101446","23","0","23"
"101447","24","0","24"
"101448","23","0","23"
"101449","35","35","0"
"101450","19","0","19"
"101453","28","0","28"
"101454","29","0","29"
"101455","34","34","0"
"101456","32","32","0"
"101458","21","0","21"
"101459","30","0","30"
"101460","28","28","0"
"101461","23","0","23"
"101462","36","36","0"
"101463","16","0","16"
"101467","22","0","22"
"101468","30","0","30"
"101469","34","34","0"
"101474","27","0","27"
"101475","18","0","18"
"101476","36","36","0"
"101477","36","36","0"
"101478","31","0","31"
"101479","30","30","0"
"101480","21","0","21"
"101481","28","0","28"
"101482","25","0","25"
"101484","22","0","22"
"101485","18","0","18"
"101486","32","0","32"
"101487","33","33","0"
"101489","20","0","20"
"101490","31","31","0"
"101491","33","0","33"
"101492","28","0","28"
"101493","33","0","33"
"101495","23","0","23"
"101496","33","33","0"
"101497","34","34","0"
"101498","24","0","24"
"101499","32","32","0"
"101500","33","0","33"
"101503","29","0","29"
"101504","46","46","0"
"101505","31","31","0"
"101506","34","34","0"
"101507","28","28","0"
"101508","26","0","26"
"101509","25","0","25"
"101513","37","37","0"
"101514","38","38","0"
"101516","36","36","0"
"101517","36","0","36"
"101518","30","0","30"
"101519","32","0","32"
"101521","35","35","0"
"101522","40","40","0"
"101523","26","0","26"
"101525","26","0","26"
"101526","30","0","30"
"101529","41","41","0"
"101530","34","34","0"
"101531","17","0","17"
"101532","28","0","28"
"101533","37","37","0"
"101534","16","0","16"
"101535","26","0","26"
"101536","33","33","0"
"101537","33","33","0"
"101538","25","0","25"
"101540","32","0","32"
"101542","34","34","0"
"101545","35","35","0"
"101546","41","41","0"
"101547","20","0","20"
"101548","26","0","26"
"101549","32","32","0"
"101551","24","0","24"
"101552","36","36","0"
"101553","21","0","21"
"101554","38","38","0"
"101556","43","43","0"
"101557","22","0","22"
"101558","26","26","0"
"101559","32","32","0"
"101560","22","0","22"
"101561","23","0","23"
"101564","27","0","27"
"101566","40","40","0"
"101567","24","0","24"
"101568","23","0","23"
"101570","33","0","33"
"101571","28","28","0"
"101573","34","34","0"
"101574","42","42","0"
"101576","32","32","0"
"101578","27","0","27"
"101579","29","0","29"
"101580","29","0","29"
"101585","37","37","0"
"101586","29","29","0"
"101588","21","0","21"
"101589","33","0","33"
"101590","38","38","0"
"101591","18","0","18"
"101592","17","0","17"
"101593","39","39","0"
"101595","27","0","27"
"101596","37","37","0"
"101597","27","0","27"
"101599","21","0","21"
"101600","38","0","38"
"101602","25","0","25"
"101604","19","0","19"
"101605","24","0","24"
"101607","17","0","17"
"101609","39","39","0"
"101610","27","27","0"
"101612","24","0","24"
"101613","43","43","0"
"101614","26","0","26"
"101616","29","29","0"
"101617","38","38","0"
"101618","39","39","0"
"101619","46","46","0"
"101624","33","0","33"
"101625","29","0","29"
"101626","21","0","21"
"101627","28","0","28"
"101631","30","30","0"
"101632","49","49","0"
"101633","34","0","34"
"101634","20","0","20"
"101635","41","41","0"
"101636","33","33","0"
"101637","27","0","27"
"101640","36","36","0"
"101641","35","35","0"
"101642","25","0","25"
"101643","28","0","28"
"101644","29","29","0"
"101645","26","0","26"
"101647","49","49","0"
"101648","45","45","0"
"101649","26","0","26"
"101650","21","0","21"
"101651","46","46","0"
"101652","25","0","25"
"101654","25","0","25"
"101658","25","0","25"
"101659","40","40","0"
"101660","39","39","0"
"101661","37","37","0"
"101662","18","0","18"
"101663","24","0","24"
"101664","37","37","0"
"101665","25","0","25"
"101666","47","47","0"
"101667","30","0","30"
"101668","32","0","32"
"101671","26","0","26"
"101673","21","0","21"
"101675","31","31","0"
"101676","31","0","31"
"101678","39","39","0"
"101679","23","0","23"
"101680","46","46","0"
"101681","40","40","0"
"101682","30","0","30"
"101684","31","31","0"
"101685","38","38","0"
"101686","46","46","0"
"101687","16","0","16"
"101688","19","0","19"
"101689","41","41","0"
"101691","27","0","27"
"101693","33","33","0"
"101694","27","0","27"
"101695","24","24","0"
"101696","30","0","30"
"101697","38","38","0"
"101698","46","46","0"
"101700","29","0","29"
"101702","30","0","30"
"101703","27","0","27"
"101704","30","0","30"
"101705","32","32","0"
"101707","28","28","0"
"101710","24","0","24"
"101713","29","0","29"
"101714","33","33","0"
"101715","23","0","23"
"101716","24","24","0"
"101717","37","37","0"
"101719","22","22","0"
"101722","33","33","0"
"101723","39","0","39"
"101724","44","44","0"
"101726","31","0","31"
"101728","40","40","0"
"101729","29","0","29"
"101731","28","0","28"
"101732","17","0","17"
"101734","23","0","23"
"101735","26","0","26"
"101736","38","38","0"
"101737","37","37","0"
"101738","34","34","0"
"101739","24","0","24"
"101740","33","33","0"
"101742","37","37","0"
"101743","25","0","25"
"101745","26","0","26"
"101746","23","0","23"
"101747","19","0","19"
"101750","30","30","0"
"101751","38","38","0"
"101752","21","0","21"
"101753","39","39","0"
"101754","38","38","0"
"101756","33","0","33"
"101757","36","36","0"
"101759","42","42","0"
"101760","35","35","0"
"101761","27","0","27"
"101762","31","0","31"
"101763","21","0","21"
"101764","29","0","29"
"101766","41","41","0"
"101767","24","0","24"
"101768","44","44","0"
"101769","30","0","30"
"101771","51","51","0"
"101773","31","31","0"
"101776","27","27","0"
"101778","47","47","0"
"101779","32","32","0"
"101780","33","33","0"
"101781","36","36","0"
"101784","25","0","25"
"101785","37","37","0"
"101786","42","42","0"
"101787","29","0","29"
"101788","38","38","0"
"101790","31","0","31"
"101791","22","0","22"
"101792","33","33","0"
"101793","36","0","36"
"101794","25","0","25"
"101796","33","0","33"
"101797","26","26","0"
"101798","34","34","0"
"101799","41","41","0"
"101800","22","0","22"
"101802","52","52","0"
"101803","30","30","0"
"101806","37","37","0"
"101807","29","29","0"
"101808","21","0","21"
"101810","26","0","26"
"101811","20","0","20"
"101812","38","38","0"
"101813","28","0","28"
"101814","31","0","31"
"101816","24","0","24"
"101818","33","33","0"
"101819","39","39","0"
"101821","43","43","0"
"101823","28","0","28"
"101824","20","0","20"
"101830","32","32","0"
"101831","26","26","0"
"101832","32","32","0"
"101833","21","0","21"
"101834","39","39","0"
"101836","31","0","31"
"101837","26","0","26"
"101838","33","33","0"
"101840","29","0","29"
"101842","22","0","22"
"101845","28","0","28"
"101846","44","44","0"
"101847","32","0","32"
"101849","52","52","0"
"101850","34","34","0"
"101851","41","41","0"
"101852","26","0","26"
"101856","18","0","18"
"101857","31","0","31"
"101858","30","0","30"
"101859","38","38","0"
"101861","25","25","0"
"101863","31","31","0"
"101864","34","34","0"
"101865","39","39","0"
"101866","30","0","30"
"101867","20","0","20"
"101868","39","39","0"
"101869","26","0","26"
"101870","17","0","17"
"101872","28","0","28"
"101873","31","31","0"
"101875","39","39","0"
"101876","22","0","22"
"101878","42","42","0"
"101879","34","34","0"
"101881","40","40","0"
"101882","17","0","17"
"101884","41","41","0"
"101886","37","37","0"
"101887","15","0","15"
"101889","22","0","22"
"101890","36","36","0"
"101891","30","30","0"
"101892","34","34","0"
"101893","28","0","28"
"101894","33","33","0"
"101897","23","0","23"
"101898","31","31","0"
"101899","22","22","0"
"101900","31","0","31"
"101901","23","0","23"
"101904","25","0","25"
"101907","31","0","31"
"101909","25","25","0"
"101910","29","0","29"
"101912","21","0","21"
"101913","35","35","0"
"101914","32","0","32"
"101915","46","46","0"
"101916","42","42","0"
"101918","31","31","0"
"101919","39","39","0"
"101920","37","37","0"
"101921","34","34","0"
"101923","36","36","0"
"101927","38","38","0"
"101928","31","31","0"
"101929","22","0","22"
"101930","26","0","26"
"101932","43","43","0"
"101933","37","0","37"
"101934","34","0","34"
"101935","34","34","0"
"101936","23","23","0"
"101937","31","0","31"
"101938","40","40","0"
"101939","26","0","26"
"101940","30","0","30"
"101941","26","0","26"
"101946","36","36","0"
"101947","28","28","0"
"101948","19","0","19"
"101949","37","37","0"
"101950","36","36","0"
"101951","18","0","18"
"101952","39","39","0"
"101953","27","0","27"
"101954","28","0","28"
"101956","24","0","24"
"101957","26","0","26"
"101958","37","37","0"
"101959","29","29","0"
"101960","37","37","0"
"101961","32","0","32"
"101964","39","39","0"
"101965","35","35","0"
"101966","17","0","17"
"101968","38","38","0"
"101969","25","0","25"
"101970","37","37","0"
"101971","24","0","24"
"101973","27","0","27"
"101974","28","0","28"
"101975","28","0","28"
"101977","29","0","29"
"101978","31","31","0"
"101979","50","50","0"
"101980","38","38","0"
"101981","30","30","0"
"101982","31","0","31"
"101983","28","28","0"
"101985","32","32","0"
"101987","37","37","0"
"101988","37","37","0"
"101989","31","31","0"
"101990","39","39","0"
"101991","43","43","0"
"101992","45","45","0"
"101994","25","0","25"
"101995","27","0","27"
"101996","28","0","28"
"101999","26","0","26"
"102000","21","0","21"
"102001","33","33","0"
"102003","46","46","0"
"102005","29","0","29"
"102006","24","0","24"
"102007","34","0","34"
"102008","26","0","26"
"102009","29","0","29"
"102010","37","37","0"
"102012","28","0","28"
"102013","35","0","35"
"102014","25","0","25"
"102015","27","0","27"
"102017","24","24","0"
"102018","36","36","0"
"102019","28","28","0"
"102020","40","40","0"
"102022","25","0","25"
"102023","31","0","31"
"102024","25","0","25"
"102026","36","36","0"
"102027","30","0","30"
"102028","30","30","0"
"102030","47","47","0"
"102031","35","35","0"
"102032","24","0","24"
"102035","34","0","34"
"102036","23","0","23"
"102037","39","39","0"
"102038","47","47","0"
"102039","39","39","0"
"102040","39","39","0"
"102041","34","34","0"
"102042","25","0","25"
"102043","39","39","0"
"102044","20","0","20"
"102046","28","0","28"
"102050","35","35","0"
"102051","35","0","35"
"102052","32","0","32"
"102053","40","40","0"
"102054","28","0","28"
"102055","37","37","0"
"102057","30","30","0"
"102059","27","0","27"
"102061","30","30","0"
"102062","33","33","0"
"102063","45","45","0"
"102065","37","37","0"
"102066","26","0","26"
"102071","24","0","24"
"102072","40","40","0"
"102073","29","0","29"
"102075","28","28","0"
"102081","18","0","18"
"102082","31","31","0"
"102085","37","37","0"
"102087","27","27","0"
"102090","18","0","18"
"102091","27","0","27"
"102093","41","41","0"
"102094","46","46","0"
"102095","42","42","0"
"102096","23","0","23"
"102098","30","30","0"
"102099","36","0","36"
"102100","18","0","18"
"102103","38","38","0"
"102104","34","34","0"
"102105","24","0","24"
"102106","28","0","28"
"102107","18","0","18"
"102110","27","0","27"
"102111","25","0","25"
"102113","26","0","26"
"102114","23","0","23"
"102117","35","35","0"
"102120","29","0","29"
"102123","38","38","0"
"102125","32","0","32"
"102126","31","0","31"
"102127","32","32","0"
"102130","20","0","20"
"102131","32","32","0"
"102132","26","0","26"
"102133","26","0","26"
"102135","33","33","0"
"102138","29","0","29"
"102140","47","47","0"
"102141","47","47","0"
"102142","40","40","0"
"102143","19","0","19"
"102144","17","0","17"
"102145","47","47","0"
"102146","30","30","0"
"102147","48","48","0"
"102148","39","39","0"
"102149","36","36","0"
"102150","30","30","0"
"102152","33","33","0"
"102153","28","28","0"
"102154","42","42","0"
"102156","21","0","21"
"102157","37","37","0"
"102159","34","34","0"
"102161","26","0","26"
"102163","25","0","25"
"102164","33","33","0"
"102165","35","35","0"
"102166","23","0","23"
"102167","32","0","32"
"102169","29","29","0"
"102171","32","0","32"
"102172","30","0","30"
"102173","24","0","24"
"102174","28","0","28"
"102175","22","0","22"
"102178","43","43","0"
"102179","44","44","0"
"102182","30","0","30"
"102185","35","35","0"
"102186","32","32","0"
"102187","46","46","0"
"102188","21","0","21"
"102189","34","34","0"
"102191","30","0","30"
"102192","28","0","28"
"102193","38","38","0"
"102194","31","31","0"
"102195","39","39","0"
"102196","33","33","0"
"102197","32","32","0"
"102199","31","31","0"
"102200","39","39","0"
"102201","37","37","0"
"102202","32","0","32"
"102203","28","28","0"
"102204","27","0","27"
"102205","43","43","0"
"102206","36","36","0"
"102207","35","0","35"
"102208","36","36","0"
"102210","25","0","25"
"102213","28","28","0"
"102214","24","0","24"
"102219","33","33","0"
"102220","32","32","0"
"102221","24","0","24"
"102222","30","0","30"
"102223","34","34","0"
"102227","32","32","0"
"102228","32","32","0"
"102229","25","0","25"
"102230","30","30","0"
"102231","33","0","33"
"102232","21","21","0"
"102233","27","0","27"
"102234","28","0","28"
"102235","36","36","0"
"102237","36","0","36"
"102239","24","0","24"
"102240","46","46","0"
"102242","33","33","0"
"102246","25","0","25"
"102248","30","30","0"
"102249","33","33","0"
"102250","28","28","0"
"102253","21","0","21"
"102254","36","36","0"
"102255","36","36","0"
"102256","32","32","0"
"102257","24","0","24"
"102258","36","36","0"
"102259","37","37","0"
"102260","27","0","27"
"102263","39","39","0"
"102264","32","0","32"
"102265","34","34","0"
"102266","32","32","0"
"102269","19","0","19"
"102270","42","42","0"
"102272","26","0","26"
"102273","43","43","0"
"102274","42","42","0"
"102275","20","0","20"
"102276","25","0","25"
"102277","36","36","0"
"102279","22","0","22"
"102280","39","39","0"
"102281","39","39","0"
"102282","39","39","0"
"102283","19","0","19"
"102284","34","34","0"
"102285","22","22","0"
"102286","41","41","0"
"102287","40","40","0"
"102288","27","0","27"
"102289","31","0","31"
"102290","34","0","34"
"102293","24","0","24"
"102294","37","37","0"
"102296","31","0","31"
"102297","31","31","0"
"102299","40","40","0"
"102300","28","0","28"
"102303","44","44","0"
"102304","38","38","0"
"102305","29","29","0"
"102307","26","0","26"
"102311","31","0","31"
"102313","31","31","0"
"102315","28","0","28"
"102316","26","0","26"
"102317","32","32","0"
"102318","28","0","28"
"102319","26","26","0"
"102322","41","41","0"
"102324","32","32","0"
"102325","32","32","0"
"102326","42","42","0"
"102328","47","47","0"
"102329","30","0","30"
"102332","26","26","0"
"102333","23","0","23"
"102334","25","0","25"
"102335","40","40","0"
"102336","33","0","33"
"102337","21","0","21"
"102339","34","34","0"
"102341","34","34","0"
"102343","40","40","0"
"102344","37","37","0"
"102345","23","0","23"
"102346","30","0","30"
"102348","20","0","20"
"102353","26","0","26"
"102355","45","45","0"
"102356","35","0","35"
"102358","24","0","24"
"102359","23","0","23"
"102362","34","34","0"
"102363","27","0","27"
"102364","40","40","0"
"102365","19","0","19"
"102366","25","0","25"
"102368","18","0","18"
"102369","26","0","26"
"102372","18","0","18"
"102373","26","0","26"
"102374","32","32","0"
"102376","31","31","0"
"102377","40","40","0"
"102378","34","0","34"
"102379","26","0","26"
"102380","22","0","22"
"102382","36","36","0"
"102383","32","0","32"
"102385","34","0","34"
"102386","26","0","26"
"102387","35","0","35"
"102388","17","0","17"
"102389","24","0","24"
"102390","44","44","0"
"102393","47","47","0"
"102395","38","38","0"
"102396","17","0","17"
"102397","27","0","27"
"102398","48","48","0"
"102399","35","35","0"
"102400","23","0","23"
"102401","34","34","0"
"102404","31","0","31"
"102406","33","33","0"
"102408","35","0","35"
"102409","17","0","17"
"102410","39","39","0"
"102411","22","22","0"
"102413","44","44","0"
"102414","23","0","23"
"102415","41","41","0"
"102417","37","37","0"
"102420","36","0","36"
"102421","35","0","35"
"102422","29","0","29"
"102423","23","0","23"
"102424","45","45","0"
"102428","28","28","0"
"102429","33","33","0"
"102430","36","36","0"
"102431","45","45","0"
"102433","19","0","19"
"102435","30","0","30"
"102437","34","0","34"
"102438","27","0","27"
"102439","23","0","23"
"102440","30","30","0"
"102441","41","41","0"
"102443","23","0","23"
"102445","35","35","0"
"102447","33","33","0"
"102448","24","0","24"
"102450","15","0","15"
"102451","30","30","0"
"102453","39","0","39"
"102454","21","0","21"
"102455","28","0","28"
"102458","19","0","19"
"102460","27","0","27"
"102461","23","0","23"
"102462","28","0","28"
"102463","18","0","18"
"102464","22","0","22"
"102465","23","0","23"
"102466","30","30","0"
"102467","31","31","0"
"102468","37","0","37"
"102469","34","34","0"
"102470","27","0","27"
"102471","33","33","0"
"102472","37","37","0"
"102473","17","0","17"
"102474","35","35","0"
"102475","16","0","16"
"102476","29","0","29"
"102478","28","0","28"
"102479","29","0","29"
"102480","35","35","0"
"102481","29","0","29"
"102482","46","46","0"
"102483","29","0","29"
"102485","36","36","0"
"102488","28","0","28"
"102489","36","36","0"
"102492","33","33","0"
"102493","41","41","0"
"102494","36","36","0"
"102495","39","39","0"
"102496","24","0","24"
"102497","33","33","0"
"102498","35","35","0"
"102499","46","46","0"
"102500","32","32","0"
"102502","29","0","29"
"102503","30","30","0"
"102504","36","36","0"
"102505","25","25","0"
"102506","27","0","27"
"102507","24","24","0"
"102508","47","47","0"
"102509","46","46","0"
"102510","20","0","20"
"102511","38","0","38"
"102512","32","0","32"
"102513","24","0","24"
"102514","28","0","28"
"102515","34","34","0"
"102517","37","37","0"
"102518","22","0","22"
"102519","23","23","0"
"102520","29","0","29"
"102522","27","0","27"
"102523","27","0","27"
"102524","20","0","20"
"102526","31","31","0"
"102527","37","0","37"
"102528","36","36","0"
"102530","42","42","0"
"102531","32","32","0"
"102532","38","38","0"
"102533","35","35","0"
"102534","42","42","0"
"102535","34","34","0"
"102536","36","36","0"
"102537","41","41","0"
"102538","28","0","28"
"102541","26","0","26"
"102542","39","39","0"
"102544","24","0","24"
"102545","15","0","15"
"102546","24","0","24"
"102547","24","0","24"
"102548","31","31","0"
"102549","44","44","0"
"102551","29","29","0"
"102552","36","0","36"
"102553","42","42","0"
"102555","24","24","0"
"102558","48","48","0"
"102559","38","38","0"
"102560","15","0","15"
"102561","34","34","0"
"102562","30","0","30"
"102563","29","0","29"
"102564","29","0","29"
"102566","34","34","0"
"102567","21","0","21"
"102568","35","35","0"
"102569","40","40","0"
"102571","28","0","28"
"102572","29","0","29"
"102573","34","0","34"
"102574","29","29","0"
"102575","33","33","0"
"102577","30","0","30"
"102578","30","0","30"
"102579","38","38","0"
"102580","30","0","30"
"102582","33","33","0"
"102583","28","0","28"
"102584","27","0","27"
"102586","34","0","34"
"102590","42","42","0"
"102594","35","35","0"
"102596","31","0","31"
"102597","34","34","0"
"102598","29","29","0"
"102601","27","27","0"
"102602","35","35","0"
"102603","36","36","0"
"102604","23","0","23"
"102606","24","0","24"
"102609","17","0","17"
"102611","25","0","25"
"102612","52","52","0"
"102613","26","0","26"
"102614","30","0","30"
"102616","22","0","22"
"102617","34","0","34"
"102618","33","33","0"
"102619","25","0","25"
"102620","40","40","0"
"102622","31","0","31"
"102623","30","0","30"
"102624","33","0","33"
"102625","39","39","0"
"102627","29","0","29"
"102628","32","32","0"
"102629","29","0","29"
"102630","35","35","0"
"102631","24","0","24"
"102632","43","43","0"
"102633","35","35","0"
"102634","30","30","0"
"102635","16","0","16"
"102636","37","37","0"
"102637","32","32","0"
"102638","24","0","24"
"102639","33","0","33"
"102640","43","43","0"
"102641","38","38","0"
"102642","25","25","0"
"102643","31","0","31"
"102644","40","40","0"
"102646","22","0","22"
"102647","31","31","0"
"102649","21","0","21"
"102650","27","0","27"
"102651","23","0","23"
"102653","27","0","27"
"102654","45","45","0"
"102656","23","0","23"
"102658","48","48","0"
"102659","23","0","23"
"102662","34","0","34"
"102663","28","0","28"
"102664","25","0","25"
"102665","14","0","14"
"102666","30","0","30"
"102667","39","39","0"
"102669","22","0","22"
"102670","18","0","18"
"102672","27","0","27"
"102673","21","0","21"
"102674","41","0","41"
"102675","29","0","29"
"102678","23","0","23"
"102679","25","0","25"
"102680","30","0","30"
"102681","27","27","0"
"102682","34","34","0"
"102685","36","36","0"
"102687","35","35","0"
"102688","24","0","24"
"102690","28","0","28"
"102692","38","38","0"
"102694","21","0","21"
"102695","26","0","26"
"102696","38","38","0"
"102697","39","39","0"
"102698","33","33","0"
"102699","33","33","0"
"102700","34","34","0"
"102701","34","0","34"
"102703","21","0","21"
"102704","30","0","30"
"102705","25","0","25"
"102707","46","46","0"
"102708","37","37","0"
"102710","35","35","0"
"102713","29","0","29"
"102716","33","0","33"
"102718","38","38","0"
"102720","39","39","0"
"102723","45","45","0"
"102724","20","20","0"
"102725","30","30","0"
"102726","24","0","24"
"102727","33","33","0"
"102729","27","0","27"
"102733","23","0","23"
"102734","36","36","0"
"102735","24","0","24"
"102736","37","37","0"
"102738","25","0","25"
"102741","29","29","0"
"102742","14","0","14"
"102745","37","37","0"
"102746","33","33","0"
"102747","38","38","0"
"102748","34","0","34"
"102752","37","37","0"
"102753","37","37","0"
"102754","30","30","0"
"102756","37","37","0"
"102759","28","0","28"
"102760","42","42","0"
"102761","36","36","0"
"102762","26","26","0"
"102764","33","33","0"
"102765","19","0","19"
"102767","32","32","0"
"102770","28","0","28"
"102772","32","0","32"
"102774","28","0","28"
"102775","16","0","16"
"102777","35","0","35"
"102778","47","47","0"
"102779","40","40","0"
"102780","25","0","25"
"102782","30","30","0"
"102784","31","0","31"
"102786","37","37","0"
"102787","25","0","25"
"102788","37","37","0"
"102789","43","43","0"
"102791","22","0","22"
"102792","28","0","28"
"102793","30","0","30"
"102794","32","32","0"
"102797","24","0","24"
"102798","24","0","24"
"102799","35","35","0"
"102801","51","51","0"
"102802","36","36","0"
"102803","17","0","17"
"102804","36","36","0"
"102805","28","0","28"
"102806","20","0","20"
"102807","23","0","23"
"102808","35","35","0"
"102809","31","0","31"
"102810","25","0","25"
"102812","40","40","0"
"102813","41","41","0"
"102815","43","43","0"
"102818","43","43","0"
"102819","28","0","28"
"102820","22","0","22"
"102821","43","43","0"
"102822","22","22","0"
"102824","40","0","40"
"102826","19","0","19"
"102827","31","31","0"
"102828","26","0","26"
"102829","42","42","0"
"102830","32","32","0"
"102831","25","0","25"
"102833","25","0","25"
"102834","23","0","23"
"102836","35","0","35"
"102837","48","48","0"
"102838","26","0","26"
"102840","35","35","0"
"102842","44","44","0"
"102843","26","0","26"
"102845","31","31","0"
"102846","33","33","0"
"102848","28","28","0"
"102850","31","0","31"
"102851","31","0","31"
"102852","39","39","0"
"102853","31","0","31"
"102854","39","39","0"
"102857","21","0","21"
"102858","26","0","26"
"102859","39","39","0"
"102860","23","0","23"
"102863","32","32","0"
"102864","28","28","0"
"102865","18","0","18"
"102867","40","40","0"
"102868","35","35","0"
"102869","29","29","0"
"102870","36","36","0"
"102873","29","29","0"
"102875","32","32","0"
"102876","22","0","22"
"102878","20","0","20"
"102879","31","0","31"
"102881","28","28","0"
"102883","22","0","22"
"102884","23","0","23"
"102887","31","31","0"
"102888","29","29","0"
"102890","25","25","0"
"102891","35","35","0"
"102892","38","38","0"
"102893","37","37","0"
"102894","29","0","29"
"102895","39","39","0"
"102896","34","34","0"
"102897","31","31","0"
"102898","34","34","0"
"102900","36","36","0"
"102902","34","34","0"
"102904","40","40","0"
"102906","31","0","31"
"102907","24","0","24"
"102908","29","29","0"
"102909","20","0","20"
"102910","22","0","22"
"102911","33","33","0"
"102912","21","0","21"
"102914","39","39","0"
"102915","35","35","0"
"102917","36","36","0"
"102918","22","0","22"
"102919","23","0","23"
"102920","19","0","19"
"102923","31","31","0"
"102924","28","0","28"
"102925","27","0","27"
"102926","17","0","17"
"102927","34","34","0"
"102928","45","45","0"
"102930","35","0","35"
"102932","40","40","0"
"102933","21","0","21"
"102934","13","0","13"
"102935","22","0","22"
"102937","33","33","0"
"102938","36","36","0"
"102939","26","0","26"
"102940","36","36","0"
"102941","27","0","27"
"102943","36","36","0"
"102945","40","40","0"
"102946","34","34","0"
"102947","27","0","27"
"102950","29","0","29"
"102951","30","30","0"
"102952","24","0","24"
"102953","17","0","17"
"102954","32","0","32"
"102955","43","43","0"
"102958","35","35","0"
"102961","54","54","0"
"102962","43","43","0"
"102963","41","41","0"
"102965","39","39","0"
"102966","26","0","26"
"102967","24","0","24"
"102970","14","0","14"
"102973","25","0","25"
"102976","19","0","19"
"102977","22","0","22"
"102978","23","0","23"
"102979","33","0","33"
"102981","30","0","30"
"102982","31","31","0"
"102984","29","0","29"
"102986","22","0","22"
"102987","45","45","0"
"102988","27","27","0"
"102989","34","34","0"
"102991","39","39","0"
"102992","31","31","0"
"102994","28","28","0"
"102996","25","0","25"
"102997","25","0","25"
"102999","20","0","20"
"103000","36","36","0"
"103001","33","0","33"
"103003","22","0","22"
"103004","38","38","0"
"103005","30","30","0"
"103006","30","0","30"
"103008","28","28","0"
"103010","32","32","0"
"103011","46","46","0"
"103012","36","36","0"
"103013","29","29","0"
"103014","27","0","27"
"103015","39","39","0"
"103017","41","41","0"
"103018","22","0","22"
"103020","26","0","26"
"103021","34","34","0"
"103023","24","0","24"
"103024","28","28","0"
"103026","34","0","34"
"103027","17","0","17"
"103028","24","0","24"
"103029","35","35","0"
"103030","29","0","29"
"103032","38","38","0"
"103033","37","37","0"
"103034","23","0","23"
"103035","38","0","38"
"103038","46","46","0"
"103040","26","26","0"
"103041","43","43","0"
"103042","25","0","25"
"103045","15","0","15"
"103047","37","0","37"
"103048","25","0","25"
"103050","27","0","27"
"103051","34","34","0"
"103053","30","0","30"
"103054","42","42","0"
"103055","37","37","0"
"103058","32","32","0"
"103060","25","0","25"
"103061","30","0","30"
"103062","39","39","0"
"103063","37","37","0"
"103064","21","0","21"
"103066","37","37","0"
"103068","28","0","28"
"103069","26","0","26"
"103070","20","0","20"
"103071","37","37","0"
"103072","47","47","0"
"103073","34","0","34"
"103074","42","42","0"
"103075","38","38","0"
"103077","27","0","27"
"103078","33","33","0"
"103079","36","36","0"
"103081","30","30","0"
"103083","18","0","18"
"103084","26","0","26"
"103085","32","32","0"
"103086","41","41","0"
"103088","34","34","0"
"103090","37","37","0"
"103091","45","45","0"
"103095","34","34","0"
"103098","28","0","28"
"103099","33","33","0"
"103100","31","0","31"
"103101","35","35","0"
"103102","30","0","30"
"103103","24","0","24"
"103104","33","0","33"
"103107","30","30","0"
"103110","35","35","0"
"103111","26","0","26"
"103112","20","0","20"
"103113","41","41","0"
"103114","27","27","0"
"103115","26","26","0"
"103116","25","0","25"
"103117","29","0","29"
"103119","48","48","0"
"103120","27","0","27"
"103121","22","0","22"
"103122","26","26","0"
"103123","18","0","18"
"103124","24","0","24"
"103126","23","0","23"
"103128","32","32","0"
"103132","40","40","0"
"103133","33","0","33"
"103134","35","35","0"
"103135","37","37","0"
"103136","40","40","0"
"103138","31","31","0"
"103139","37","37","0"
"103141","30","0","30"
"103142","35","0","35"
"103143","35","35","0"
"103144","32","32","0"
"103145","39","39","0"
"103148","40","40","0"
"103152","36","36","0"
"103153","24","0","24"
"103154","33","0","33"
"103155","27","27","0"
"103156","28","0","28"
"103158","25","25","0"
"103159","24","0","24"
"103160","24","0","24"
"103162","43","43","0"
"103164","49","49","0"
"103165","28","0","28"
"103166","46","46","0"
"103169","29","29","0"
"103172","28","0","28"
"103173","19","0","19"
"103174","24","0","24"
"103175","28","0","28"
"103176","34","34","0"
"103177","36","0","36"
"103180","46","46","0"
"103181","34","34","0"
"103182","37","37","0"
"103183","24","24","0"
"103184","26","0","26"
"103185","27","0","27"
"103187","23","0","23"
"103189","35","35","0"
"103190","26","0","26"
"103191","21","0","21"
"103192","43","43","0"
"103194","29","0","29"
"103195","27","0","27"
"103196","28","0","28"
"103197","34","34","0"
"103199","26","0","26"
"103200","24","0","24"
"103203","29","0","29"
"103205","28","0","28"
"103206","33","33","0"
"103209","19","0","19"
"103210","30","30","0"
"103211","33","33","0"
"103213","34","34","0"
"103214","38","0","38"
"103217","25","0","25"
"103218","24","24","0"
"103219","26","0","26"
"103220","36","0","36"
"103221","28","0","28"
"103222","33","0","33"
"103223","41","41","0"
"103224","24","0","24"
"103225","26","0","26"
"103226","27","0","27"
"103227","23","0","23"
"103228","25","0","25"
"103229","30","30","0"
"103230","22","0","22"
"103232","39","39","0"
"103233","25","25","0"
"103238","22","0","22"
"103239","22","0","22"
"103242","23","0","23"
"103243","28","0","28"
"103244","32","0","32"
"103245","27","0","27"
"103246","26","26","0"
"103249","45","45","0"
"103251","40","40","0"
"103252","34","34","0"
"103253","40","40","0"
"103254","21","0","21"
"103255","21","0","21"
"103256","31","0","31"
"103257","25","0","25"
"103258","34","34","0"
"103259","22","0","22"
"103260","37","37","0"
"103261","23","0","23"
"103262","30","0","30"
"103265","28","0","28"
"103266","35","35","0"
"103268","28","0","28"
"103269","38","38","0"
"103270","20","0","20"
"103272","39","39","0"
"103274","29","0","29"
"103276","33","33","0"
"103277","35","35","0"
"103279","25","25","0"
"103280","31","31","0"
"103281","36","36","0"
"103282","22","0","22"
"103283","31","0","31"
"103284","43","43","0"
"103285","42","42","0"
"103287","21","0","21"
"103288","28","0","28"
"103289","19","0","19"
"103290","22","0","22"
"103291","34","34","0"
"103293","37","37","0"
"103294","28","28","0"
"103295","24","0","24"
"103296","38","38","0"
"103297","27","0","27"
"103298","32","32","0"
"103299","53","53","0"
"103300","34","0","34"
"103302","27","27","0"
"103303","31","0","31"
"103304","21","0","21"
"103307","33","33","0"
"103308","36","36","0"
"103309","29","29","0"
"103310","23","0","23"
"103311","38","38","0"
"103312","30","30","0"
"103313","32","0","32"
"103316","26","0","26"
"103317","47","47","0"
"103318","32","0","32"
"103321","21","0","21"
"103322","37","37","0"
"103323","26","0","26"
"103327","35","35","0"
"103328","27","0","27"
"103329","36","36","0"
"103331","29","0","29"
"103332","26","0","26"
"103334","39","39","0"
"103335","44","44","0"
"103339","23","0","23"
"103340","24","0","24"
"103341","33","33","0"
"103343","26","0","26"
"103345","31","31","0"
"103347","32","32","0"
"103348","32","0","32"
"103349","27","0","27"
"103350","38","38","0"
"103351","25","0","25"
"103353","43","43","0"
"103354","36","36","0"
"103357","29","29","0"
"103358","35","35","0"
"103359","33","33","0"
"103360","27","0","27"
"103361","29","0","29"
"103363","29","0","29"
"103364","25","0","25"
"103365","46","46","0"
"103366","19","0","19"
"103367","22","22","0"
"103369","26","0","26"
"103371","34","34","0"
"103372","39","39","0"
"103373","19","0","19"
"103374","37","37","0"
"103376","32","32","0"
"103377","21","0","21"
"103378","39","39","0"
"103379","32","32","0"
"103380","37","0","37"
"103381","27","0","27"
"103382","41","41","0"
"103383","36","36","0"
"103384","30","30","0"
"103385","25","0","25"
"103386","39","39","0"
"103387","39","39","0"
"103388","30","30","0"
"103389","26","0","26"
"103391","25","0","25"
"103392","26","26","0"
"103394","23","0","23"
"103395","27","0","27"
"103398","27","27","0"
"103399","21","0","21"
"103400","22","22","0"
"103402","40","40","0"
"103403","25","0","25"
"103404","39","39","0"
"103405","21","0","21"
"103406","34","0","34"
"103407","40","40","0"
"103408","36","36","0"
"103409","33","0","33"
"103411","17","0","17"
"103412","31","31","0"
"103413","41","41","0"
"103414","34","34","0"
"103416","25","0","25"
"103417","31","0","31"
"103419","21","0","21"
"103421","23","0","23"
"103422","41","41","0"
"103423","40","40","0"
"103427","33","0","33"
"103428","29","0","29"
"103429","42","42","0"
"103431","34","34","0"
"103433","28","0","28"
"103435","44","44","0"
"103436","28","28","0"
"103437","30","0","30"
"103438","26","0","26"
"103439","29","29","0"
"103440","29","0","29"
"103441","21","0","21"
"103442","24","0","24"
"103443","28","28","0"
"103445","35","35","0"
"103446","47","47","0"
"103447","45","45","0"
"103449","28","28","0"
"103450","24","0","24"
"103451","22","22","0"
"103452","32","0","32"
"103453","32","32","0"
"103455","20","0","20"
"103456","24","24","0"
"103457","43","43","0"
"103460","32","32","0"
"103462","35","35","0"
"103464","30","30","0"
"103465","30","30","0"
"103466","40","0","40"
"103467","26","0","26"
"103468","29","29","0"
"103469","34","0","34"
"103470","16","0","16"
"103473","28","0","28"
"103474","31","31","0"
"103476","22","0","22"
"103477","38","38","0"
"103478","29","0","29"
"103479","26","26","0"
"103480","33","33","0"
"103481","31","0","31"
"103483","50","50","0"
"103484","29","0","29"
"103485","34","34","0"
"103486","36","36","0"
"103487","40","0","40"
"103488","15","0","15"
"103489","47","47","0"
"103490","26","0","26"
"103491","37","37","0"
"103492","44","44","0"
"103493","34","34","0"
"103494","39","39","0"
"103495","26","0","26"
"103496","26","0","26"
"103500","19","0","19"
"103503","23","0","23"
"103504","22","0","22"
"103505","26","0","26"
"103506","28","28","0"
"103508","32","32","0"
"103509","24","0","24"
"103510","25","0","25"
"103511","28","28","0"
"103514","35","35","0"
"103517","30","0","30"
"103519","22","0","22"
"103520","37","0","37"
"103521","20","0","20"
"103522","38","38","0"
"103523","24","0","24"
"103524","15","0","15"
"103525","24","0","24"
"103526","22","0","22"
"103528","41","41","0"
"103529","32","32","0"
"103531","34","34","0"
"103532","30","30","0"
"103533","21","0","21"
"103534","46","46","0"
"103535","27","0","27"
"103537","38","38","0"
"103538","29","29","0"
"103539","27","27","0"
"103540","32","0","32"
"103543","26","0","26"
"103544","33","33","0"
"103545","32","0","32"
"103547","26","0","26"
"103548","34","34","0"
"103550","28","0","28"
"103552","26","0","26"
"103553","24","0","24"
"103555","26","26","0"
"103556","36","36","0"
"103561","25","0","25"
"103562","19","0","19"
"103563","36","36","0"
"103564","24","0","24"
"103567","39","39","0"
"103568","29","29","0"
"103569","39","39","0"
"103570","50","50","0"
"103571","32","32","0"
"103572","43","43","0"
"103573","23","0","23"
"103574","31","0","31"
"103575","26","0","26"
"103576","34","34","0"
"103577","24","0","24"
"103578","33","0","33"
"103579","28","0","28"
"103580","27","0","27"
"103581","27","0","27"
"103583","21","0","21"
"103584","25","0","25"
"103586","33","33","0"
"103587","36","0","36"
"103588","27","27","0"
"103589","36","36","0"
"103591","30","0","30"
"103592","28","0","28"
"103593","39","39","0"
"103594","30","0","30"
"103598","25","0","25"
"103602","28","0","28"
"103603","21","0","21"
"103605","23","0","23"
"103606","24","0","24"
"103607","33","0","33"
"103608","35","35","0"
"103609","33","33","0"
"103610","21","0","21"
"103612","36","0","36"
"103613","45","45","0"
"103614","37","37","0"
"103615","31","0","31"
"103616","28","28","0"
"103617","22","0","22"
"103618","25","0","25"
"103620","34","34","0"
"103621","34","0","34"
"103622","27","0","27"
"103623","33","33","0"
"103624","31","31","0"
"103627","27","0","27"
"103628","19","0","19"
"103629","28","28","0"
"103630","41","41","0"
"103631","35","35","0"
"103633","21","0","21"
"103642","33","0","33"
"103643","24","0","24"
"103647","34","0","34"
"103648","46","46","0"
"103649","22","0","22"
"103650","39","39","0"
"103651","32","0","32"
"103652","18","0","18"
"103653","35","35","0"
"103655","32","32","0"
"103656","23","0","23"
"103657","34","0","34"
"103658","35","35","0"
"103659","34","0","34"
"103660","50","50","0"
"103662","30","30","0"
"103663","21","0","21"
"103664","29","29","0"
"103666","33","33","0"
"103667","38","38","0"
"103668","45","45","0"
"103669","39","39","0"
"103670","39","39","0"
"103672","25","25","0"
"103673","24","0","24"
"103674","37","0","37"
"103675","20","0","20"
"103676","44","44","0"
"103678","34","34","0"
"103679","39","39","0"
"103680","36","36","0"
"103681","27","0","27"
"103682","35","35","0"
"103684","40","40","0"
"103685","28","28","0"
"103687","23","0","23"
"103690","41","41","0"
"103692","30","0","30"
"103693","31","31","0"
"103694","32","32","0"
"103695","32","32","0"
"103696","45","45","0"
"103697","32","32","0"
"103700","22","0","22"
"103702","20","0","20"
"103703","29","29","0"
"103704","35","35","0"
"103706","26","0","26"
"103707","33","0","33"
"103708","33","33","0"
"103709","44","44","0"
"103710","22","0","22"
"103712","33","33","0"
"103714","39","39","0"
"103715","31","0","31"
"103716","35","35","0"
"103721","24","0","24"
"103722","25","0","25"
"103723","47","47","0"
"103724","31","31","0"
"103726","45","45","0"
"103727","24","0","24"
"103728","28","0","28"
"103729","42","42","0"
"103731","22","0","22"
"103736","37","37","0"
"103737","38","38","0"
"103738","20","0","20"
"103739","23","0","23"
"103740","35","35","0"
"103741","23","0","23"
"103742","36","36","0"
"103744","23","0","23"
"103746","34","34","0"
"103747","27","27","0"
"103754","37","37","0"
"103755","32","0","32"
"103756","15","0","15"
"103757","21","0","21"
"103758","30","30","0"
"103761","28","0","28"
"103762","36","36","0"
"103763","40","40","0"
"103764","24","24","0"
"103765","37","37","0"
"103770","41","41","0"
"103771","41","41","0"
"103773","19","0","19"
"103775","27","0","27"
"103776","33","33","0"
"103777","38","38","0"
"103778","32","0","32"
"103779","30","0","30"
"103781","31","0","31"
"103782","38","38","0"
"103783","32","32","0"
"103784","24","0","24"
"103787","39","39","0"
"103788","37","37","0"
"103789","28","0","28"
"103790","32","0","32"
"103791","36","0","36"
"103792","35","35","0"
"103793","41","41","0"
"103794","33","33","0"
"103795","27","0","27"
"103796","39","39","0"
"103797","38","38","0"
"103798","45","45","0"
"103799","32","32","0"
"103800","24","0","24"
"103801","31","31","0"
"103804","49","49","0"
"103806","41","41","0"
"103808","29","0","29"
"103809","38","38","0"
"103810","39","39","0"
"103811","29","0","29"
"103812","32","32","0"
"103814","27","0","27"
"103815","34","34","0"
"103817","18","0","18"
"103818","21","0","21"
"103820","41","41","0"
"103821","32","0","32"
"103822","32","32","0"
"103823","29","29","0"
"103826","27","0","27"
"103827","38","38","0"
"103828","29","0","29"
"103829","27","27","0"
"103830","43","43","0"
"103831","41","41","0"
"103832","31","31","0"
"103833","47","47","0"
"103834","28","28","0"
"103836","29","0","29"
"103837","31","0","31"
"103839","27","27","0"
"103840","26","0","26"
"103841","29","0","29"
"103842","41","0","41"
"103843","30","0","30"
"103844","34","34","0"
"103846","31","0","31"
"103847","27","0","27"
"103848","25","25","0"
"103849","27","0","27"
"103851","36","36","0"
"103852","30","0","30"
"103853","27","0","27"
"103855","44","44","0"
"103856","29","0","29"
"103857","32","32","0"
"103858","32","32","0"
"103859","40","40","0"
"103863","38","38","0"
"103864","43","43","0"
"103865","36","36","0"
"103866","30","0","30"
"103867","26","0","26"
"103868","27","0","27"
"103869","38","38","0"
"103870","25","0","25"
"103871","32","32","0"
"103872","27","27","0"
"103877","20","0","20"
"103878","21","0","21"
"103879","43","43","0"
"103880","36","0","36"
"103881","29","0","29"
"103882","32","32","0"
"103883","28","0","28"
"103885","49","49","0"
"103886","18","0","18"
"103890","28","0","28"
"103891","35","0","35"
"103892","35","0","35"
"103894","33","33","0"
"103897","38","38","0"
"103898","26","0","26"
"103901","32","32","0"
"103903","34","0","34"
"103904","46","46","0"
"103905","20","0","20"
"103906","29","29","0"
"103908","26","0","26"
"103911","30","0","30"
"103912","41","41","0"
"103915","32","0","32"
"103916","21","0","21"
"103918","25","0","25"
"103919","27","0","27"
"103921","42","42","0"
"103922","46","46","0"
"103923","34","0","34"
"103924","33","33","0"
"103925","26","0","26"
"103926","25","0","25"
"103928","35","0","35"
"103929","46","46","0"
"103930","33","33","0"
"103931","28","0","28"
"103932","31","0","31"
"103933","32","32","0"
"103934","27","0","27"
"103935","25","25","0"
"103937","52","52","0"
"103939","32","32","0"
"103940","22","0","22"
"103942","30","0","30"
"103943","24","0","24"
"103944","26","26","0"
"103945","37","37","0"
"103946","33","33","0"
"103947","13","0","13"
"103948","31","31","0"
"103949","39","39","0"
"103950","51","51","0"
"103951","21","0","21"
"103952","24","0","24"
"103954","37","37","0"
"103955","35","35","0"
"103956","35","0","35"
"103958","27","27","0"
"103960","24","0","24"
"103961","34","34","0"
"103962","26","0","26"
"103964","22","0","22"
"103965","30","30","0"
"103966","36","36","0"
"103968","36","36","0"
"103969","32","32","0"
"103972","30","0","30"
"103973","28","28","0"
"103974","38","38","0"
"103975","31","0","31"
"103976","33","33","0"
"103977","32","32","0"
"103978","26","0","26"
"103979","25","0","25"
"103980","19","0","19"
"103981","27","0","27"
"103983","25","0","25"
"103984","26","0","26"
"103985","24","24","0"
"103987","42","42","0"
"103990","25","0","25"
"103991","33","33","0"
"103996","24","0","24"
"103998","40","40","0"
"103999","29","29","0"
"104000","33","33","0"
"104001","30","0","30"
"104002","23","0","23"
"104005","25","0","25"
"104006","36","36","0"
"104008","25","0","25"
"104009","27","0","27"
"104010","39","39","0"
"104011","35","35","0"
"104013","30","0","30"
"104014","21","21","0"
"104015","33","33","0"
"104016","18","0","18"
"104017","42","42","0"
"104018","38","38","0"
"104019","24","0","24"
"104020","22","0","22"
"104021","18","0","18"
"104023","19","0","19"
"104024","34","34","0"
"104026","38","38","0"
"104029","25","0","25"
"104030","23","0","23"
"104032","17","0","17"
"104034","28","28","0"
"104038","34","34","0"
"104039","18","0","18"
"104040","37","37","0"
"104041","31","0","31"
"104042","34","34","0"
"104043","41","0","41"
"104044","28","0","28"
"104046","26","0","26"
"104047","28","0","28"
"104048","27","0","27"
"104049","39","39","0"
"104050","26","26","0"
"104052","31","31","0"
"104054","28","0","28"
"104056","34","34","0"
"104057","47","47","0"
"104058","32","0","32"
"104060","26","0","26"
"104061","39","39","0"
"104062","25","0","25"
"104063","31","31","0"
"104064","37","0","37"
"104066","23","0","23"
"104067","33","33","0"
"104069","46","46","0"
"104070","20","0","20"
"104071","38","38","0"
"104073","22","22","0"
"104074","36","0","36"
"104075","33","0","33"
"104078","30","0","30"
"104079","41","41","0"
"104081","27","0","27"
"104083","43","43","0"
"104086","29","0","29"
"104087","19","0","19"
"104089","34","34","0"
"104091","30","30","0"
"104092","43","43","0"
"104093","32","32","0"
"104094","29","0","29"
"104095","28","0","28"
"104096","39","39","0"
"104098","35","35","0"
"104099","22","0","22"
"104100","45","45","0"
"104101","29","0","29"
"104104","35","35","0"
"104105","24","0","24"
"104107","29","0","29"
"104108","24","0","24"
"104109","51","51","0"
"104110","32","0","32"
"104112","19","19","0"
"104114","35","35","0"
"104115","20","0","20"
"104116","27","0","27"
"104117","46","46","0"
"104118","37","37","0"
"104119","35","0","35"
"104120","30","30","0"
"104121","32","32","0"
"104124","31","31","0"
"104125","39","39","0"
"104126","22","0","22"
"104128","29","0","29"
"104129","30","0","30"
"104130","31","0","31"
"104131","22","0","22"
"104132","24","0","24"
"104133","24","0","24"
"104135","38","38","0"
"104136","34","0","34"
"104139","27","27","0"
"104140","36","36","0"
"104142","29","0","29"
"104143","23","0","23"
"104144","35","35","0"
"104146","21","0","21"
"104147","24","0","24"
"104148","24","0","24"
"104150","26","0","26"
"104151","24","0","24"
"104152","21","0","21"
"104153","23","0","23"
"104154","27","27","0"
"104156","27","27","0"
"104157","20","0","20"
"104158","22","0","22"
"104160","34","34","0"
"104161","27","0","27"
"104162","40","40","0"
"104163","17","0","17"
"104165","40","40","0"
"104168","20","0","20"
"104169","39","39","0"
"104172","39","39","0"
"104173","35","35","0"
"104174","32","0","32"
"104176","36","36","0"
"104178","37","37","0"
"104179","38","38","0"
"104180","35","35","0"
"104181","37","37","0"
"104183","41","41","0"
"104184","33","33","0"
"104185","46","46","0"
"104187","37","37","0"
"104189","19","0","19"
"104191","27","0","27"
"104192","39","39","0"
"104193","29","29","0"
"104194","19","0","19"
"104195","31","31","0"
"104196","33","0","33"
"104197","43","43","0"
"104198","34","0","34"
"104201","28","0","28"
"104203","41","41","0"
"104204","37","37","0"
"104205","37","37","0"
"104206","31","31","0"
"104207","28","0","28"
"104208","44","44","0"
"104209","38","38","0"
"104210","28","28","0"
"104211","31","0","31"
"104212","29","29","0"
"104214","32","0","32"
"104215","37","37","0"
"104216","26","0","26"
"104218","37","37","0"
"104219","26","26","0"
"104220","22","0","22"
"104221","30","30","0"
"104224","38","38","0"
"104226","24","0","24"
"104227","20","0","20"
"104230","28","0","28"
"104233","33","0","33"
"104234","26","0","26"
"104235","34","34","0"
"104236","30","0","30"
"104237","27","0","27"
"104238","34","34","0"
"104239","28","0","28"
"104241","42","42","0"
"104242","30","30","0"
"104243","34","0","34"
"104244","22","0","22"
"104245","35","35","0"
"104246","32","32","0"
"104247","29","29","0"
"104248","28","0","28"
"104249","20","0","20"
"104250","44","44","0"
"104251","46","46","0"
"104252","38","38","0"
"104253","29","0","29"
"104254","34","34","0"
"104256","33","33","0"
"104257","23","0","23"
"104258","32","32","0"
"104259","32","32","0"
"104262","22","0","22"
"104264","36","0","36"
"104266","26","0","26"
"104267","42","42","0"
"104268","37","37","0"
"104269","33","0","33"
"104270","24","0","24"
"104274","24","0","24"
"104276","25","0","25"
"104277","26","26","0"
"104278","19","0","19"
"104279","34","0","34"
"104280","45","45","0"
"104281","36","36","0"
"104282","16","0","16"
"104283","26","0","26"
"104287","19","0","19"
"104288","21","0","21"
"104290","34","0","34"
"104291","29","29","0"
"104292","24","0","24"
"104293","36","36","0"
"104295","34","0","34"
"104296","28","0","28"
"104298","26","26","0"
"104299","30","30","0"
"104300","45","45","0"
"104301","23","0","23"
"104302","30","30","0"
"104303","37","37","0"
"104304","36","36","0"
"104306","22","0","22"
"104308","37","37","0"
"104311","23","0","23"
"104312","35","35","0"
"104314","21","0","21"
"104315","23","0","23"
"104317","37","37","0"
"104318","24","0","24"
"104319","37","37","0"
"104320","29","29","0"
"104321","26","0","26"
"104323","32","0","32"
"104324","33","0","33"
"104326","27","0","27"
"104328","25","0","25"
"104330","21","0","21"
"104331","29","0","29"
"104333","23","0","23"
"104334","28","0","28"
"104335","34","34","0"
"104338","22","0","22"
"104339","29","29","0"
"104340","21","0","21"
"104341","27","0","27"
"104342","28","0","28"
"104343","35","35","0"
"104345","37","37","0"
"104346","54","54","0"
"104347","31","0","31"
"104351","25","0","25"
"104352","24","0","24"
"104353","40","40","0"
"104355","32","0","32"
"104356","33","33","0"
"104357","40","40","0"
"104359","36","36","0"
"104360","33","0","33"
"104361","41","41","0"
"104363","26","0","26"
"104367","31","31","0"
"104373","31","0","31"
"104374","23","0","23"
"104375","23","0","23"
"104376","21","0","21"
"104379","22","0","22"
"104381","25","0","25"
"104383","31","0","31"
"104384","28","0","28"
"104386","34","0","34"
"104387","41","41","0"
"104388","38","38","0"
"104390","43","43","0"
"104392","29","29","0"
"104393","32","0","32"
"104394","30","0","30"
"104395","39","39","0"
"104396","22","0","22"
"104399","57","57","0"
"104400","24","24","0"
"104401","21","0","21"
"104402","32","32","0"
"104405","39","39","0"
"104406","27","0","27"
"104409","25","0","25"
"104410","26","0","26"
"104411","24","24","0"
"104412","29","0","29"
"104414","46","46","0"
"104415","20","0","20"
"104416","35","35","0"
"104417","24","0","24"
"104418","32","32","0"
"104419","30","30","0"
"104420","24","0","24"
"104421","27","0","27"
"104422","28","28","0"
"104424","35","35","0"
"104425","40","40","0"
"104426","40","0","40"
"104427","29","0","29"
"104428","24","0","24"
"104430","36","36","0"
"104431","23","0","23"
"104432","30","0","30"
"104433","17","0","17"
"104436","30","0","30"
"104437","16","0","16"
"104439","29","0","29"
"104440","32","0","32"
"104441","25","0","25"
"104442","19","0","19"
"104443","34","34","0"
"104445","47","47","0"
"104446","26","0","26"
"104447","27","0","27"
"104448","23","0","23"
"104449","20","0","20"
"104450","21","0","21"
"104451","29","0","29"
"104453","38","38","0"
"104454","25","0","25"
"104455","19","0","19"
"104456","23","0","23"
"104457","24","24","0"
"104459","33","0","33"
"104461","35","35","0"
"104462","22","0","22"
"104463","42","42","0"
"104464","36","36","0"
"104465","19","0","19"
"104468","20","0","20"
"104474","23","0","23"
"104475","36","0","36"
"104476","46","46","0"
"104477","33","33","0"
"104482","29","29","0"
"104483","38","38","0"
"104484","36","36","0"
"104486","25","0","25"
"104488","29","29","0"
"104489","16","0","16"
"104490","24","0","24"
"104491","42","42","0"
"104492","34","34","0"
"104493","30","0","30"
"104494","36","36","0"
"104495","35","35","0"
"104496","25","0","25"
"104499","27","0","27"
"104500","39","0","39"
"104501","24","0","24"
"104503","41","41","0"
"104505","28","0","28"
"104506","24","24","0"
"104507","38","38","0"
"104508","27","27","0"
"104509","31","0","31"
"104510","32","32","0"
"104511","37","37","0"
"104512","17","0","17"
"104514","30","0","30"
"104515","26","0","26"
"104516","48","48","0"
"104519","19","0","19"
"104520","37","0","37"
"104522","29","0","29"
"104523","29","29","0"
"104524","28","0","28"
"104526","28","28","0"
"104527","24","24","0"
"104528","43","43","0"
"104529","33","33","0"
"104531","29","29","0"
"104532","32","0","32"
"104533","37","37","0"
"104534","33","33","0"
"104535","26","0","26"
"104538","32","0","32"
"104539","26","0","26"
"104541","43","43","0"
"104544","18","0","18"
"104546","36","36","0"
"104548","34","0","34"
"104550","34","0","34"
"104551","22","0","22"
"104553","36","36","0"
"104555","24","24","0"
"104557","39","39","0"
"104558","27","27","0"
"104559","36","36","0"
"104560","41","41","0"
"104562","35","0","35"
"104563","28","0","28"
"104565","35","35","0"
"104566","31","0","31"
"104567","32","32","0"
"104568","40","40","0"
"104569","33","33","0"
"104570","39","39","0"
"104571","30","30","0"
"104572","24","0","24"
"104574","30","0","30"
"104575","23","0","23"
"104577","25","0","25"
"104579","17","0","17"
"104581","32","0","32"
"104583","34","34","0"
"104584","24","0","24"
"104585","35","35","0"
"104586","34","34","0"
"104588","30","0","30"
"104589","18","0","18"
"104590","31","31","0"
"104591","41","41","0"
"104593","32","32","0"
"104594","34","34","0"
"104595","39","39","0"
"104597","23","0","23"
"104598","36","36","0"
"104599","28","0","28"
"104600","27","0","27"
"104602","26","0","26"
"104603","28","0","28"
"104604","25","0","25"
"104605","24","0","24"
"104606","21","21","0"
"104608","25","0","25"
"104609","28","0","28"
"104611","33","0","33"
"104613","39","39","0"
"104614","29","29","0"
"104615","29","0","29"
"104616","48","48","0"
"104617","26","26","0"
"104618","33","33","0"
"104621","28","28","0"
"104623","44","44","0"
"104624","34","34","0"
"104626","44","44","0"
"104627","16","0","16"
"104628","30","30","0"
"104629","23","0","23"
"104630","36","36","0"
"104631","42","42","0"
"104633","31","0","31"
"104634","20","0","20"
"104635","35","35","0"
"104636","28","0","28"
"104637","32","32","0"
"104642","41","41","0"
"104643","26","0","26"
"104644","29","0","29"
"104648","19","0","19"
"104650","20","0","20"
"104651","23","0","23"
"104652","32","0","32"
"104653","34","34","0"
"104655","33","33","0"
"104656","37","0","37"
"104658","44","44","0"
"104660","23","0","23"
"104661","25","0","25"
"104662","38","38","0"
"104663","44","44","0"
"104664","20","0","20"
"104665","27","0","27"
"104666","25","0","25"
"104667","20","0","20"
"104668","23","0","23"
"104669","33","33","0"
"104670","30","0","30"
"104671","42","42","0"
"104672","36","36","0"
"104674","43","43","0"
"104677","36","36","0"
"104678","28","0","28"
"104679","39","39","0"
"104680","24","0","24"
"104681","30","30","0"
"104684","41","41","0"
"104685","48","48","0"
"104688","28","28","0"
"104689","33","33","0"
"104690","26","26","0"
"104691","29","0","29"
"104693","38","38","0"
"104694","23","0","23"
"104697","20","0","20"
"104698","26","0","26"
"104699","26","0","26"
"104700","29","0","29"
"104701","22","0","22"
"104702","27","0","27"
"104704","27","0","27"
"104705","29","0","29"
"104706","30","0","30"
"104707","19","0","19"
"104709","27","0","27"
"104710","37","37","0"
"104711","20","0","20"
"104714","32","32","0"
"104716","39","39","0"
"104717","24","0","24"
"104719","28","28","0"
"104720","39","39","0"
"104721","21","0","21"
"104722","35","35","0"
"104725","22","22","0"
"104726","34","0","34"
"104727","40","40","0"
"104728","36","36","0"
"104729","25","0","25"
"104730","38","38","0"
"104731","28","28","0"
"104733","22","22","0"
"104734","26","0","26"
"104735","31","31","0"
"104737","21","0","21"
"104739","38","38","0"
"104740","31","0","31"
"104741","37","0","37"
"104742","16","0","16"
"104743","34","0","34"
"104745","45","45","0"
"104748","35","35","0"
"104749","33","33","0"
"104750","26","0","26"
"104753","29","29","0"
"104755","25","0","25"
"104757","34","34","0"
"104758","36","36","0"
"104759","30","0","30"
"104760","37","37","0"
"104761","25","0","25"
"104762","35","35","0"
"104763","36","36","0"
"104765","20","0","20"
"104766","26","0","26"
"104767","21","0","21"
"104768","37","37","0"
"104769","31","0","31"
"104770","23","0","23"
"104771","23","0","23"
"104772","24","0","24"
"104773","25","0","25"
"104774","30","0","30"
"104775","31","31","0"
"104776","37","37","0"
"104777","35","0","35"
"104780","40","40","0"
"104783","30","0","30"
"104784","28","0","28"
"104787","41","41","0"
"104788","25","0","25"
"104789","32","32","0"
"104790","22","0","22"
"104791","36","36","0"
"104795","34","0","34"
"104796","23","0","23"
"104797","25","0","25"
"104798","33","0","33"
"104799","22","0","22"
"104800","22","0","22"
"104801","28","0","28"
"104802","28","28","0"
"104804","33","33","0"
"104805","35","35","0"
"104806","31","0","31"
"104807","28","0","28"
"104808","17","0","17"
"104809","40","40","0"
"104810","27","0","27"
"104811","33","33","0"
"104812","22","0","22"
"104815","19","0","19"
"104816","34","34","0"
"104817","25","0","25"
"104819","37","37","0"
"104820","16","0","16"
"104822","35","35","0"
"104823","39","39","0"
"104825","35","35","0"
"104826","29","0","29"
"104827","18","0","18"
"104829","27","27","0"
"104830","24","0","24"
"104831","26","0","26"
"104832","25","0","25"
"104833","42","42","0"
"104834","32","0","32"
"104835","49","49","0"
"104837","29","0","29"
"104838","36","36","0"
"104839","17","0","17"
"104840","33","33","0"
"104841","32","32","0"
"104842","40","40","0"
"104845","29","0","29"
"104846","22","0","22"
"104847","35","35","0"
"104848","21","0","21"
"104849","31","31","0"
"104850","41","41","0"
"104851","25","0","25"
"104852","36","36","0"
"104856","20","0","20"
"104857","34","34","0"
"104858","20","0","20"
"104859","34","34","0"
"104860","31","0","31"
"104861","28","0","28"
"104862","41","41","0"
"104863","20","0","20"
"104865","16","0","16"
"104870","31","31","0"
"104871","33","0","33"
"104872","42","42","0"
"104873","46","46","0"
"104874","31","31","0"
"104875","50","50","0"
"104876","36","0","36"
"104877","49","49","0"
"104878","26","0","26"
"104880","30","30","0"
"104882","20","0","20"
"104883","42","42","0"
"104885","17","0","17"
"104887","39","39","0"
"104888","29","0","29"
"104889","29","0","29"
"104892","18","0","18"
"104893","47","47","0"
"104894","26","0","26"
"104895","31","31","0"
"104896","44","44","0"
"104897","32","32","0"
"104898","36","0","36"
"104901","44","44","0"
"104902","25","25","0"
"104904","24","0","24"
"104906","27","27","0"
"104907","31","0","31"
"104908","23","23","0"
"104909","30","30","0"
"104910","24","0","24"
"104911","42","42","0"
"104915","30","30","0"
"104916","30","0","30"
"104919","43","43","0"
"104920","34","0","34"
"104922","29","29","0"
"104923","22","0","22"
"104925","34","34","0"
"104926","35","35","0"
"104929","25","0","25"
"104930","33","33","0"
"104931","35","35","0"
"104932","33","0","33"
"104934","27","27","0"
"104935","24","24","0"
"104936","27","0","27"
"104938","34","34","0"
"104939","27","0","27"
"104940","34","0","34"
"104941","29","0","29"
"104942","32","0","32"
"104946","26","0","26"
"104948","45","45","0"
"104951","24","0","24"
"104952","24","0","24"
"104953","39","39","0"
"104955","21","0","21"
"104957","36","0","36"
"104958","35","35","0"
"104959","36","36","0"
"104960","36","0","36"
"104961","23","0","23"
"104962","22","0","22"
"104963","19","0","19"
"104964","20","0","20"
"104966","32","0","32"
"104967","25","0","25"
"104968","32","32","0"
"104969","26","0","26"
"104973","35","35","0"
"104974","30","30","0"
"104975","39","39","0"
"104976","26","0","26"
"104977","27","0","27"
"104980","37","37","0"
"104981","47","47","0"
"104983","39","39","0"
"104985","28","0","28"
"104986","42","42","0"
"104987","26","0","26"
"104989","31","31","0"
"104991","27","0","27"
"104992","31","31","0"
"104993","33","33","0"
"104995","30","30","0"
"104996","39","39","0"
"104997","36","36","0"
"104999","29","29","0"
"105000","24","24","0"
"105002","21","0","21"
"105003","37","37","0"
"105007","24","0","24"
"105008","16","0","16"
"105010","29","29","0"
"105011","34","34","0"
"105012","40","40","0"
"105014","21","0","21"
"105017","32","32","0"
"105018","29","0","29"
"105019","45","45","0"
"105020","22","0","22"
"105021","41","41","0"
"105022","47","47","0"
"105023","35","35","0"
"105024","30","30","0"
"105025","36","36","0"
"105028","29","29","0"
"105029","30","30","0"
"105031","28","28","0"
"105032","28","0","28"
"105034","46","46","0"
"105036","34","34","0"
"105037","37","37","0"
"105038","27","0","27"
"105041","39","39","0"
"105042","25","25","0"
"105043","43","43","0"
"105044","37","37","0"
"105045","38","38","0"
"105046","33","33","0"
"105049","26","0","26"
"105050","40","40","0"
"105051","34","34","0"
"105052","35","35","0"
"105053","45","45","0"
"105055","31","31","0"
"105056","42","42","0"
"105057","24","0","24"
"105060","23","0","23"
"105061","27","0","27"
"105063","32","32","0"
"105064","23","0","23"
"105065","48","48","0"
"105069","36","36","0"
"105070","25","0","25"
"105071","34","0","34"
"105072","23","0","23"
"105073","34","0","34"
"105074","39","39","0"
"105076","26","26","0"
"105078","35","35","0"
"105080","27","27","0"
"105081","39","39","0"
"105083","34","34","0"
"105085","33","33","0"
"105086","25","0","25"
"105089","29","0","29"
"105090","42","42","0"
"105093","40","40","0"
"105094","35","35","0"
"105096","26","0","26"
"105097","36","36","0"
"105099","59","59","0"
"105100","31","31","0"
"105101","42","42","0"
"105102","34","34","0"
"105103","24","0","24"
"105105","44","44","0"
"105107","29","0","29"
"105108","35","35","0"
"105109","19","19","0"
"105110","29","0","29"
"105111","22","0","22"
"105113","46","46","0"
"105115","29","0","29"
"105116","20","0","20"
"105117","28","0","28"
"105120","26","0","26"
"105121","26","0","26"
"105123","33","0","33"
"105124","25","0","25"
"105126","40","40","0"
"105130","37","0","37"
"105131","20","0","20"
"105132","28","0","28"
"105133","28","0","28"
"105134","36","36","0"
"105135","31","0","31"
"105137","26","26","0"
"105138","33","33","0"
"105139","33","33","0"
"105140","28","28","0"
"105141","19","0","19"
"105142","31","0","31"
"105146","32","32","0"
"105147","27","0","27"
"105152","29","0","29"
"105153","37","37","0"
"105154","30","0","30"
"105155","28","28","0"
"105156","40","40","0"
"105157","32","0","32"
"105158","26","0","26"
"105159","20","0","20"
"105160","18","0","18"
"105162","26","0","26"
"105163","39","39","0"
"105164","41","41","0"
"105165","22","0","22"
"105166","32","0","32"
"105167","33","33","0"
"105168","29","0","29"
"105169","23","23","0"
"105170","33","0","33"
"105172","34","34","0"
"105173","19","0","19"
"105174","22","0","22"
"105176","40","40","0"
"105177","25","25","0"
"105179","47","47","0"
"105180","35","35","0"
"105181","20","0","20"
"105182","29","0","29"
"105183","28","0","28"
"105185","23","0","23"
"105187","37","37","0"
"105188","38","38","0"
"105190","39","39","0"
"105191","23","0","23"
"105193","26","0","26"
"105194","24","0","24"
"105195","20","0","20"
"105196","22","0","22"
"105197","45","45","0"
"105198","24","0","24"
"105199","22","0","22"
"105201","21","0","21"
"105202","33","33","0"
"105204","29","29","0"
"105205","24","0","24"
"105206","25","0","25"
"105207","41","41","0"
"105208","51","51","0"
"105209","41","41","0"
"105210","23","0","23"
"105212","30","0","30"
"105213","32","32","0"
"105215","29","29","0"
"105216","21","0","21"
"105217","33","33","0"
"105219","27","0","27"
"105220","32","32","0"
"105221","37","37","0"
"105222","17","0","17"
"105223","19","0","19"
"105224","22","0","22"
"105226","24","0","24"
"105227","46","46","0"
"105229","43","43","0"
"105230","25","0","25"
"105231","27","0","27"
"105232","38","38","0"
"105233","33","0","33"
"105234","29","29","0"
"105236","24","24","0"
"105239","30","0","30"
"105240","24","0","24"
"105241","28","28","0"
"105242","33","33","0"
"105243","38","38","0"
"105244","24","0","24"
"105245","22","0","22"
"105246","28","0","28"
"105247","29","0","29"
"105248","25","0","25"
"105249","31","31","0"
"105250","33","33","0"
"105251","26","0","26"
"105252","34","0","34"
"105253","43","43","0"
"105254","27","27","0"
"105255","31","31","0"
"105256","39","39","0"
"105257","37","37","0"
"105258","29","0","29"
"105259","26","0","26"
"105260","30","0","30"
"105261","33","0","33"
"105262","33","33","0"
"105263","25","0","25"
"105264","24","0","24"
"105265","33","33","0"
"105266","26","0","26"
"105267","26","0","26"
"105268","44","44","0"
"105269","40","40","0"
"105272","23","0","23"
"105273","23","0","23"
"105274","35","35","0"
"105279","24","0","24"
"105280","30","30","0"
"105281","40","40","0"
"105282","30","30","0"
"105283","24","0","24"
"105284","31","31","0"
"105286","39","0","39"
"105287","42","42","0"
"105288","22","0","22"
"105291","28","0","28"
"105292","20","0","20"
"105295","29","0","29"
"105296","31","31","0"
"105298","27","27","0"
"105299","30","0","30"
"105300","22","0","22"
"105301","41","41","0"
"105302","23","0","23"
"105303","35","35","0"
"105304","28","0","28"
"105305","22","22","0"
"105306","34","0","34"
"105308","21","0","21"
"105309","27","0","27"
"105310","25","0","25"
"105312","21","0","21"
"105313","30","30","0"
"105314","21","0","21"
"105315","29","29","0"
"105316","37","37","0"
"105317","29","29","0"
"105318","22","0","22"
"105319","32","32","0"
"105320","17","0","17"
"105322","33","33","0"
"105326","27","0","27"
"105327","22","0","22"
"105329","33","33","0"
"105330","28","0","28"
"105333","46","46","0"
"105335","35","35","0"
"105337","38","38","0"
"105338","39","39","0"
"105341","30","0","30"
"105343","27","0","27"
"105345","26","0","26"
"105346","38","38","0"
"105347","40","40","0"
"105348","36","36","0"
"105350","33","33","0"
"105351","23","0","23"
"105352","39","39","0"
"105353","27","0","27"
"105354","27","0","27"
"105355","31","0","31"
"105356","42","42","0"
"105357","29","29","0"
"105358","29","0","29"
"105361","37","0","37"
"105363","24","0","24"
"105364","34","34","0"
"105366","39","0","39"
"105367","33","33","0"
"105368","37","37","0"
"105370","31","0","31"
"105372","15","0","15"
"105373","33","33","0"
"105374","34","34","0"
"105375","12","0","12"
"105376","34","34","0"
"105377","38","38","0"
"105380","26","0","26"
"105381","31","31","0"
"105382","27","0","27"
"105383","41","41","0"
"105384","42","42","0"
"105385","36","36","0"
"105386","31","0","31"
"105387","30","0","30"
"105388","29","29","0"
"105389","31","31","0"
"105391","25","0","25"
"105392","29","29","0"
"105393","27","0","27"
"105395","25","0","25"
"105396","23","0","23"
"105397","39","39","0"
"105398","22","0","22"
"105400","24","0","24"
"105403","36","36","0"
"105405","35","35","0"
"105406","43","43","0"
"105407","28","0","28"
"105408","24","0","24"
"105409","42","42","0"
"105410","19","0","19"
"105411","21","0","21"
"105413","25","0","25"
"105414","28","0","28"
"105415","42","42","0"
"105416","23","23","0"
"105417","28","0","28"
"105419","32","0","32"
"105420","31","0","31"
"105421","27","0","27"
"105422","37","37","0"
"105423","27","0","27"
"105424","34","34","0"
"105425","26","0","26"
"105426","43","43","0"
"105428","39","39","0"
"105429","33","33","0"
"105430","24","0","24"
"105431","36","0","36"
"105432","32","32","0"
"105434","37","37","0"
"105435","31","0","31"
"105436","27","0","27"
"105438","25","0","25"
"105439","27","27","0"
"105442","38","38","0"
"105445","31","31","0"
"105446","31","0","31"
"105447","43","43","0"
"105448","45","45","0"
"105449","21","0","21"
"105450","32","32","0"
"105451","25","0","25"
"105452","38","38","0"
"105456","25","0","25"
"105461","39","39","0"
"105462","27","0","27"
"105465","28","0","28"
"105466","31","0","31"
"105467","36","36","0"
"105468","28","0","28"
"105469","33","33","0"
"105470","27","0","27"
"105471","31","0","31"
"105473","34","34","0"
"105474","28","0","28"
"105475","31","0","31"
"105478","33","33","0"
"105479","24","0","24"
"105480","33","0","33"
"105481","32","32","0"
"105483","19","0","19"
"105484","17","0","17"
"105485","47","47","0"
"105486","47","47","0"
"105487","32","32","0"
"105489","43","43","0"
"105491","28","0","28"
"105493","26","0","26"
"105494","36","36","0"
"105495","33","33","0"
"105497","41","41","0"
"105498","25","25","0"
"105499","22","0","22"
"105500","37","37","0"
"105501","34","34","0"
"105502","22","0","22"
"105503","27","0","27"
"105504","28","28","0"
"105505","33","33","0"
"105506","31","31","0"
"105507","40","40","0"
"105508","32","32","0"
"105509","37","37","0"
"105510","29","0","29"
"105511","35","35","0"
"105514","27","0","27"
"105516","26","26","0"
"105517","22","0","22"
"105519","31","31","0"
"105520","47","47","0"
"105521","22","0","22"
"105522","23","0","23"
"105523","31","0","31"
"105524","38","38","0"
"105525","30","0","30"
"105526","23","0","23"
"105527","34","34","0"
"105528","35","35","0"
"105530","27","0","27"
"105531","28","28","0"
"105532","25","0","25"
"105534","22","0","22"
"105535","39","39","0"
"105536","28","28","0"
"105537","29","0","29"
"105538","26","0","26"
"105539","26","0","26"
"105540","39","39","0"
"105542","34","34","0"
"105543","36","36","0"
"105545","24","0","24"
"105546","49","49","0"
"105547","39","39","0"
"105549","24","0","24"
"105550","31","31","0"
"105554","26","0","26"
"105555","32","0","32"
"105556","33","33","0"
"105558","32","0","32"
"105560","44","44","0"
"105561","29","29","0"
"105562","35","35","0"
"105563","29","29","0"
"105564","27","0","27"
"105565","24","0","24"
"105566","25","0","25"
"105568","40","40","0"
"105569","42","42","0"
"105570","27","27","0"
"105571","48","48","0"
"105573","24","0","24"
"105574","28","28","0"
"105575","28","28","0"
"105576","27","0","27"
"105578","34","34","0"
"105579","38","38","0"
"105580","29","0","29"
"105582","37","37","0"
"105584","24","24","0"
"105585","17","0","17"
"105586","33","0","33"
"105587","41","0","41"
"105588","31","0","31"
"105589","18","0","18"
"105591","46","46","0"
"105592","33","33","0"
"105593","29","0","29"
"105594","25","0","25"
"105596","36","0","36"
"105597","43","43","0"
"105598","30","30","0"
"105600","31","0","31"
"105601","39","39","0"
"105605","35","0","35"
"105606","36","0","36"
"105607","40","40","0"
"105608","40","40","0"
"105609","24","0","24"
"105610","38","38","0"
"105611","25","0","25"
"105613","47","47","0"
"105616","34","0","34"
"105617","38","38","0"
"105618","21","0","21"
"105619","34","0","34"
"105620","20","0","20"
"105622","26","26","0"
"105625","28","0","28"
"105628","44","44","0"
"105629","31","31","0"
"105633","45","45","0"
"105634","27","27","0"
"105635","37","0","37"
"105636","41","41","0"
"105637","35","35","0"
"105638","43","43","0"
"105639","36","36","0"
"105640","35","0","35"
"105641","38","38","0"
"105642","38","38","0"
"105644","38","38","0"
"105646","30","0","30"
"105647","39","39","0"
"105648","30","30","0"
"105649","35","35","0"
"105650","25","0","25"
"105651","43","43","0"
"105654","20","0","20"
"105656","24","0","24"
"105660","43","43","0"
"105661","18","0","18"
"105662","39","39","0"
"105663","32","32","0"
"105664","45","45","0"
"105665","26","0","26"
"105666","25","0","25"
"105669","37","37","0"
"105670","30","0","30"
"105671","22","0","22"
"105672","40","40","0"
"105673","36","36","0"
"105674","32","32","0"
"105675","29","0","29"
"105676","28","0","28"
"105678","36","0","36"
"105681","18","0","18"
"105682","32","32","0"
"105683","24","0","24"
"105684","22","0","22"
"105685","23","0","23"
"105686","30","0","30"
"105687","26","0","26"
"105689","34","0","34"
"105691","23","0","23"
"105692","21","0","21"
"105693","41","41","0"
"105694","45","45","0"
"105696","22","22","0"
"105697","37","37","0"
"105698","36","36","0"
"105700","25","0","25"
"105701","42","42","0"
"105702","34","34","0"
"105704","37","37","0"
"105705","40","40","0"
"105706","39","39","0"
"105709","26","0","26"
"105710","41","41","0"
"105711","42","42","0"
"105713","23","0","23"
"105714","25","0","25"
"105715","41","41","0"
"105716","31","31","0"
"105717","21","0","21"
"105718","37","37","0"
"105720","28","0","28"
"105721","24","0","24"
"105722","25","0","25"
"105723","35","35","0"
"105727","29","0","29"
"105728","23","0","23"
"105729","37","37","0"
"105730","38","38","0"
"105732","21","0","21"
"105734","44","44","0"
"105736","25","0","25"
"105737","34","34","0"
"105739","37","37","0"
"105740","23","0","23"
"105741","27","27","0"
"105742","32","0","32"
"105743","40","40","0"
"105744","23","0","23"
"105745","25","0","25"
"105746","38","38","0"
"105747","28","0","28"
"105750","32","32","0"
"105752","36","36","0"
"105753","43","43","0"
"105754","24","0","24"
"105756","43","43","0"
"105757","38","38","0"
"105759","45","45","0"
"105760","51","51","0"
"105761","31","31","0"
"105762","22","0","22"
"105764","29","0","29"
"105766","36","36","0"
"105768","35","0","35"
"105770","38","38","0"
"105772","25","0","25"
"105773","21","0","21"
"105774","19","0","19"
"105775","29","29","0"
"105776","39","39","0"
"105777","33","0","33"
"105779","35","35","0"
"105780","24","0","24"
"105781","40","40","0"
"105782","36","36","0"
"105787","20","0","20"
"105788","35","35","0"
"105789","26","0","26"
"105790","32","32","0"
"105791","34","0","34"
"105792","34","0","34"
"105794","37","37","0"
"105796","29","0","29"
"105798","35","35","0"
"105799","28","28","0"
"105800","24","0","24"
"105801","24","0","24"
"105802","36","36","0"
"105805","26","0","26"
"105811","30","30","0"
"105812","30","0","30"
"105814","29","29","0"
"105815","17","0","17"
"105816","20","0","20"
"105817","26","0","26"
"105818","18","18","0"
"105819","45","45","0"
"105820","24","24","0"
"105821","34","34","0"
"105822","17","0","17"
"105823","17","0","17"
"105824","36","36","0"
"105827","33","33","0"
"105828","48","48","0"
"105830","27","27","0"
"105831","26","26","0"
"105832","30","0","30"
"105834","40","0","40"
"105835","30","0","30"
"105836","24","0","24"
"105838","31","0","31"
"105839","37","0","37"
"105843","44","44","0"
"105844","27","0","27"
"105845","36","36","0"
"105847","33","33","0"
"105848","24","0","24"
"105849","19","0","19"
"105851","43","43","0"
"105853","23","0","23"
"105854","32","32","0"
"105855","50","50","0"
"105857","33","33","0"
"105858","45","45","0"
"105859","27","0","27"
"105860","33","0","33"
"105861","22","0","22"
"105863","35","35","0"
"105865","36","36","0"
"105867","28","0","28"
"105868","34","34","0"
"105869","35","35","0"
"105870","48","48","0"
"105872","35","35","0"
"105873","31","31","0"
"105874","33","33","0"
"105875","22","0","22"
"105877","46","46","0"
"105878","17","0","17"
"105879","37","37","0"
"105880","43","43","0"
"105882","26","26","0"
"105885","36","36","0"
"105887","31","31","0"
"105888","24","24","0"
"105889","42","42","0"
"105890","28","28","0"
"105893","34","34","0"
"105894","44","44","0"
"105895","37","37","0"
"105896","32","32","0"
"105898","27","0","27"
"105900","32","32","0"
"105901","37","37","0"
"105902","34","0","34"
"105903","42","42","0"
"105904","42","42","0"
"105905","22","22","0"
"105906","27","0","27"
"105907","30","30","0"
"105910","27","0","27"
"105912","41","41","0"
"105914","39","39","0"
"105916","31","31","0"
"105917","41","41","0"
"105918","28","0","28"
"105919","32","32","0"
"105921","26","0","26"
"105922","35","35","0"
"105924","25","25","0"
"105925","33","33","0"
"105926","36","36","0"
"105927","35","35","0"
"105928","32","32","0"
"105929","44","44","0"
"105930","38","38","0"
"105931","42","42","0"
"105932","31","31","0"
"105935","38","38","0"
"105937","34","34","0"
"105939","44","44","0"
"105941","48","48","0"
"105942","27","27","0"
"105943","33","0","33"
"105944","25","0","25"
"105945","40","40","0"
"105946","47","47","0"
"105947","37","37","0"
"105949","41","41","0"
"105950","29","0","29"
"105951","40","40","0"
"105952","39","39","0"
"105954","39","39","0"
"105955","24","0","24"
"105956","24","0","24"
"105957","40","40","0"
"105958","28","0","28"
"105959","40","40","0"
"105960","33","33","0"
"105962","29","0","29"
"105963","24","0","24"
"105964","25","0","25"
"105969","29","0","29"
"105970","25","0","25"
"105971","34","34","0"
"105972","22","0","22"
"105974","25","0","25"
"105975","32","0","32"
"105976","25","0","25"
"105977","31","31","0"
"105978","38","38","0"
"105979","37","0","37"
"105980","26","0","26"
"105982","35","35","0"
"105983","27","0","27"
"105984","24","0","24"
"105985","26","0","26"
"105986","21","0","21"
"105988","39","39","0"
"105990","34","34","0"
"105991","31","0","31"
"105993","32","32","0"
"105994","17","0","17"
"105995","20","0","20"
"105997","31","31","0"
"105998","28","0","28"
"106002","37","37","0"
"106004","27","0","27"
"106005","32","32","0"
"106007","37","37","0"
"106009","17","0","17"
"106010","33","33","0"
"106012","40","40","0"
"106013","32","0","32"
"106014","26","0","26"
"106016","40","40","0"
"106017","26","0","26"
"106018","44","44","0"
"106019","46","46","0"
"106021","29","0","29"
"106022","18","0","18"
"106023","28","0","28"
"106024","39","39","0"
"106026","21","0","21"
"106027","28","0","28"
"106028","35","35","0"
"106029","32","0","32"
"106031","43","43","0"
"106032","29","0","29"
"106034","38","38","0"
"106035","34","34","0"
"106036","31","0","31"
"106037","23","0","23"
"106038","29","0","29"
"106039","20","0","20"
"106041","37","37","0"
"106043","29","0","29"
"106044","34","34","0"
"106046","38","38","0"
"106047","22","0","22"
"106048","21","0","21"
"106049","23","0","23"
"106051","30","30","0"
"106052","27","27","0"
"106053","35","0","35"
"106054","24","0","24"
"106056","39","39","0"
"106057","38","38","0"
"106058","26","0","26"
"106060","30","30","0"
"106061","20","0","20"
"106062","45","45","0"
"106063","25","25","0"
"106064","31","0","31"
"106065","22","0","22"
"106066","22","0","22"
"106067","40","40","0"
"106068","32","32","0"
"106069","20","0","20"
"106070","18","0","18"
"106071","45","45","0"
"106072","39","39","0"
"106073","34","34","0"
"106075","37","37","0"
"106076","17","0","17"
"106077","23","0","23"
"106078","35","35","0"
"106079","38","38","0"
"106081","23","0","23"
"106083","17","0","17"
"106084","28","28","0"
"106086","27","0","27"
"106087","39","39","0"
"106088","28","0","28"
"106089","32","0","32"
"106090","34","0","34"
"106092","36","36","0"
"106093","19","0","19"
"106094","21","0","21"
"106095","30","30","0"
"106096","24","0","24"
"106098","35","35","0"
"106099","33","33","0"
"106101","33","0","33"
"106102","21","0","21"
"106103","23","23","0"
"106104","32","32","0"
"106105","30","30","0"
"106108","36","36","0"
"106110","28","28","0"
"106111","22","0","22"
"106113","32","32","0"
"106114","33","33","0"
"106115","40","40","0"
"106116","20","0","20"
"106117","40","40","0"
"106118","21","0","21"
"106119","21","0","21"
"106120","28","0","28"
"106121","34","34","0"
"106122","35","35","0"
"106124","29","0","29"
"106125","25","0","25"
"106126","43","43","0"
"106127","39","39","0"
"106128","24","0","24"
"106129","41","41","0"
"106130","28","0","28"
"106131","32","32","0"
"106133","23","0","23"
"106135","32","32","0"
"106136","20","0","20"
"106137","38","38","0"
"106138","31","0","31"
"106139","31","31","0"
"106140","31","0","31"
"106144","20","0","20"
"106145","32","0","32"
"106147","26","0","26"
"106148","29","29","0"
"106150","24","24","0"
"106151","28","0","28"
"106152","22","0","22"
"106153","35","0","35"
"106155","28","0","28"
"106157","26","0","26"
"106158","46","46","0"
"106159","28","0","28"
"106160","30","0","30"
"106161","24","0","24"
"106163","39","0","39"
"106164","22","0","22"
"106165","34","34","0"
"106166","27","0","27"
"106167","32","0","32"
"106168","32","32","0"
"106170","28","28","0"
"106171","28","0","28"
"106172","33","0","33"
"106173","29","29","0"
"106174","40","40","0"
"106175","47","47","0"
"106176","27","0","27"
"106177","33","0","33"
"106180","17","0","17"
"106182","24","0","24"
"106183","23","0","23"
"106185","25","0","25"
"106186","28","0","28"
"106187","39","39","0"
"106188","33","33","0"
"106189","23","0","23"
"106190","39","39","0"
"106191","39","39","0"
"106192","27","0","27"
"106193","30","30","0"
"106194","41","41","0"
"106195","28","0","28"
"106196","45","45","0"
"106200","51","51","0"
"106203","26","0","26"
"106204","22","0","22"
"106205","28","0","28"
"106207","24","0","24"
"106208","18","0","18"
"106209","34","0","34"
"106211","36","0","36"
"106212","30","30","0"
"106213","28","0","28"
"106214","41","41","0"
"106215","46","46","0"
"106216","42","42","0"
"106217","40","40","0"
"106219","28","28","0"
"106220","29","0","29"
"106221","29","0","29"
"106222","31","0","31"
"106223","22","0","22"
"106224","41","41","0"
"106226","23","0","23"
"106228","36","36","0"
"106230","34","0","34"
"106233","34","0","34"
"106234","24","0","24"
"106235","35","0","35"
"106236","43","43","0"
"106237","42","42","0"
"106238","32","0","32"
"106239","40","40","0"
"106240","24","0","24"
"106241","18","0","18"
"106242","36","36","0"
"106243","22","22","0"
"106245","24","0","24"
"106246","35","35","0"
"106247","26","0","26"
"106248","38","38","0"
"106250","28","0","28"
"106251","40","40","0"
"106253","47","47","0"
"106255","35","35","0"
"106256","32","32","0"
"106257","35","0","35"
"106258","19","0","19"
"106259","19","0","19"
"106260","37","37","0"
"106261","31","31","0"
"106263","44","44","0"
"106264","28","0","28"
"106265","24","0","24"
"106266","40","40","0"
"106267","21","0","21"
"106268","29","0","29"
"106269","26","26","0"
"106271","38","38","0"
"106272","34","34","0"
"106273","30","0","30"
"106274","27","0","27"
"106276","20","0","20"
"106278","26","0","26"
"106280","36","36","0"
"106281","18","0","18"
"106282","39","39","0"
"106283","26","26","0"
"106284","23","0","23"
"106285","34","0","34"
"106286","19","0","19"
"106287","37","37","0"
"106288","40","40","0"
"106290","29","29","0"
"106291","35","35","0"
"106292","37","37","0"
"106293","44","44","0"
"106294","48","48","0"
"106297","23","0","23"
"106299","46","46","0"
"106304","21","0","21"
"106305","25","0","25"
"106306","19","0","19"
"106307","42","42","0"
"106308","32","0","32"
"106309","21","0","21"
"106310","37","37","0"
"106311","26","0","26"
"106312","36","36","0"
"106313","22","0","22"
"106314","29","0","29"
"106315","22","0","22"
"106317","30","0","30"
"106318","23","0","23"
"106320","32","32","0"
"106321","39","39","0"
"106324","32","32","0"
"106325","21","0","21"
"106326","28","0","28"
"106327","25","25","0"
"106329","29","0","29"
"106330","33","0","33"
"106331","30","30","0"
"106332","31","0","31"
"106333","23","23","0"
"106334","31","0","31"
"106335","37","37","0"
"106336","22","0","22"
"106337","44","44","0"
"106338","38","38","0"
"106339","40","40","0"
"106342","35","35","0"
"106343","29","0","29"
"106344","22","0","22"
"106345","31","0","31"
"106347","36","0","36"
"106348","30","0","30"
"106349","25","0","25"
"106350","41","41","0"
"106352","26","0","26"
"106353","41","41","0"
"106354","34","0","34"
"106355","23","0","23"
"106356","23","0","23"
"106357","41","41","0"
"106358","23","23","0"
"106359","34","34","0"
"106362","29","0","29"
"106363","49","49","0"
"106364","28","0","28"
"106365","26","0","26"
"106366","30","0","30"
"106369","43","43","0"
"106373","36","36","0"
"106375","26","0","26"
"106377","30","0","30"
"106378","20","0","20"
"106379","33","33","0"
"106380","29","29","0"
"106381","30","0","30"
"106382","29","29","0"
"106383","44","44","0"
"106384","19","0","19"
"106386","35","35","0"
"106387","37","37","0"
"106388","25","0","25"
"106391","29","29","0"
"106393","30","0","30"
"106395","38","38","0"
"106396","34","34","0"
"106398","31","31","0"
"106399","29","0","29"
"106400","23","0","23"
"106401","26","0","26"
"106403","28","0","28"
"106404","40","40","0"
"106406","23","0","23"
"106407","42","42","0"
"106409","20","0","20"
"106410","34","34","0"
"106411","30","0","30"
"106412","22","0","22"
"106415","29","0","29"
"106416","44","44","0"
"106418","26","0","26"
"106419","38","0","38"
"106420","28","0","28"
"106421","25","25","0"
"106422","31","0","31"
"106423","27","0","27"
"106424","37","37","0"
"106425","30","0","30"
"106426","35","0","35"
"106427","40","0","40"
"106428","32","0","32"
"106429","30","0","30"
"106430","25","0","25"
"106433","31","31","0"
"106434","21","0","21"
"106435","40","40","0"
"106437","18","0","18"
"106440","40","40","0"
"106441","24","0","24"
"106442","44","44","0"
"106443","38","38","0"
"106444","17","0","17"
"106446","25","0","25"
"106447","43","43","0"
"106448","41","41","0"
"106450","26","0","26"
"106452","33","33","0"
"106453","32","32","0"
"106454","26","0","26"
"106458","43","43","0"
"106460","30","30","0"
"106461","24","0","24"
"106463","31","31","0"
"106464","31","0","31"
"106467","34","34","0"
"106469","23","0","23"
"106470","40","40","0"
"106471","37","37","0"
"106472","31","31","0"
"106474","28","28","0"
"106475","46","46","0"
"106476","23","0","23"
"106477","25","25","0"
"106478","34","0","34"
"106481","35","0","35"
"106482","40","40","0"
"106487","28","0","28"
"106489","21","0","21"
"106490","31","31","0"
"106491","29","29","0"
"106492","26","0","26"
"106493","37","37","0"
"106495","24","0","24"
"106496","42","42","0"
"106497","16","0","16"
"106498","36","36","0"
"106499","40","40","0"
"106500","29","0","29"
"106501","39","39","0"
"106502","37","37","0"
"106503","28","28","0"
"106506","45","45","0"
"106507","32","0","32"
"106508","24","0","24"
"106509","29","0","29"
"106512","30","0","30"
"106516","41","41","0"
"106517","31","31","0"
"106518","30","30","0"
"106519","36","36","0"
"106520","23","0","23"
"106523","17","0","17"
"106525","27","0","27"
"106527","29","0","29"
"106529","24","0","24"
"106530","42","42","0"
"106531","21","0","21"
"106532","30","30","0"
"106533","50","0","50"
"106534","38","38","0"
"106535","23","0","23"
"106537","20","0","20"
"106538","30","0","30"
"106540","29","0","29"
"106541","36","36","0"
"106542","28","0","28"
"106544","28","28","0"
"106545","22","0","22"
"106547","26","0","26"
"106551","20","0","20"
"106554","33","33","0"
"106555","31","31","0"
"106556","32","0","32"
"106558","38","38","0"
"106559","29","0","29"
"106561","20","0","20"
"106563","33","33","0"
"106565","41","0","41"
"106567","22","0","22"
"106569","45","45","0"
"106570","27","27","0"
"106571","33","0","33"
"106574","34","34","0"
"106575","30","0","30"
"106576","34","34","0"
"106577","28","0","28"
"106578","14","0","14"
"106579","36","36","0"
"106580","31","31","0"
"106582","32","0","32"
"106583","37","0","37"
"106584","46","46","0"
"106585","34","0","34"
"106586","42","42","0"
"106587","31","31","0"
"106589","40","40","0"
"106591","32","32","0"
"106593","27","27","0"
"106597","30","30","0"
"106598","37","37","0"
"106599","25","0","25"
"106603","34","34","0"
"106604","31","31","0"
"106605","40","40","0"
"106606","35","0","35"
"106607","23","0","23"
"106608","23","23","0"
"106612","34","0","34"
"106613","27","0","27"
"106614","27","0","27"
"106616","25","0","25"
"106617","43","43","0"
"106618","42","42","0"
"106620","27","0","27"
"106622","34","34","0"
"106624","30","30","0"
"106626","25","25","0"
"106627","34","34","0"
"106628","20","0","20"
"106629","33","33","0"
"106630","36","36","0"
"106631","37","37","0"
"106632","29","0","29"
"106633","17","0","17"
"106634","38","0","38"
"106635","38","38","0"
"106636","36","36","0"
"106638","27","0","27"
"106640","27","0","27"
"106641","35","35","0"
"106642","35","35","0"
"106643","32","32","0"
"106647","33","0","33"
"106650","22","0","22"
"106652","23","0","23"
"106653","29","0","29"
"106654","52","52","0"
"106659","29","0","29"
"106661","31","0","31"
"106662","21","0","21"
"106663","30","30","0"
"106665","37","37","0"
"106668","32","32","0"
"106669","19","0","19"
"106670","23","23","0"
"106671","23","0","23"
"106673","38","38","0"
"106674","28","28","0"
"106675","21","0","21"
"106676","31","0","31"
"106678","28","28","0"
"106681","32","0","32"
"106682","49","49","0"
"106683","31","0","31"
"106684","34","34","0"
"106685","27","0","27"
"106686","43","43","0"
"106689","33","0","33"
"106690","25","0","25"
"106692","34","0","34"
"106693","21","0","21"
"106694","24","0","24"
"106697","26","0","26"
"106698","21","0","21"
"106700","37","0","37"
"106702","45","45","0"
"106703","23","0","23"
"106704","39","39","0"
"106705","38","38","0"
"106706","29","0","29"
"106708","36","36","0"
"106709","27","0","27"
"106710","33","33","0"
"106712","21","0","21"
"106714","18","0","18"
"106715","31","31","0"
"106716","43","43","0"
"106718","26","0","26"
"106719","34","34","0"
"106720","35","35","0"
"106721","47","47","0"
"106722","25","0","25"
"106723","26","0","26"
"106724","30","0","30"
"106725","29","29","0"
"106727","31","31","0"
"106728","24","0","24"
"106729","24","0","24"
"106730","24","0","24"
"106731","36","36","0"
"106732","25","0","25"
"106733","22","0","22"
"106734","25","0","25"
"106735","45","45","0"
"106736","33","0","33"
"106738","24","0","24"
"106739","33","33","0"
"106743","27","27","0"
"106745","35","35","0"
"106747","25","0","25"
"106749","34","34","0"
"106751","40","40","0"
"106752","26","26","0"
"106754","21","0","21"
"106755","43","43","0"
"106756","38","38","0"
"106758","32","32","0"
"106760","24","0","24"
"106761","37","37","0"
"106762","30","0","30"
"106763","33","0","33"
"106764","21","0","21"
"106765","33","0","33"
"106768","27","0","27"
"106769","35","35","0"
"106770","39","39","0"
"106771","34","0","34"
"106772","34","34","0"
"106773","33","0","33"
"106775","29","0","29"
"106778","31","31","0"
"106781","21","0","21"
"106782","43","43","0"
"106783","32","0","32"
"106784","32","32","0"
"106785","27","27","0"
"106786","31","31","0"
"106787","36","0","36"
"106788","36","36","0"
"106789","45","45","0"
"106790","24","0","24"
"106791","28","0","28"
"106792","30","0","30"
"106793","21","21","0"
"106794","33","33","0"
"106797","28","0","28"
"106800","42","42","0"
"106802","36","36","0"
"106803","34","0","34"
"106805","34","34","0"
"106806","42","42","0"
"106807","29","29","0"
"106808","39","39","0"
"106810","45","45","0"
"106811","39","39","0"
"106812","25","0","25"
"106813","35","35","0"
"106814","22","0","22"
"106815","40","40","0"
"106816","24","24","0"
"106817","36","36","0"
"106818","27","0","27"
"106820","32","0","32"
"106821","24","0","24"
"106822","26","0","26"
"106823","20","0","20"
"106824","30","0","30"
"106825","26","0","26"
"106826","44","44","0"
"106827","38","0","38"
"106829","33","0","33"
"106830","26","0","26"
"106831","30","0","30"
"106833","40","40","0"
"106834","38","38","0"
"106835","38","38","0"
"106836","45","45","0"
"106837","21","0","21"
"106838","34","34","0"
"106839","28","0","28"
"106840","38","38","0"
"106841","25","0","25"
"106842","33","33","0"
"106845","31","0","31"
"106846","19","0","19"
"106848","31","0","31"
"106850","24","0","24"
"106851","48","48","0"
"106852","34","0","34"
"106854","28","28","0"
"106855","39","39","0"
"106856","26","0","26"
"106857","23","0","23"
"106858","37","37","0"
"106859","40","40","0"
"106860","37","37","0"
"106861","35","0","35"
"106862","32","0","32"
"106863","47","47","0"
"106864","21","0","21"
"106865","34","0","34"
"106866","21","0","21"
"106869","39","39","0"
"106870","33","33","0"
"106872","28","0","28"
"106875","27","0","27"
"106876","25","0","25"
"106877","14","0","14"
"106878","31","0","31"
"106879","25","0","25"
"106880","38","38","0"
"106881","35","35","0"
"106883","25","25","0"
"106884","30","0","30"
"106885","30","0","30"
"106888","22","0","22"
"106891","45","45","0"
"106894","41","41","0"
"106896","33","0","33"
"106897","31","0","31"
"106898","35","35","0"
"106899","27","0","27"
"106900","33","33","0"
"106901","38","38","0"
"106902","19","0","19"
"106903","30","0","30"
"106904","34","0","34"
"106905","29","0","29"
"106906","30","0","30"
"106907","26","0","26"
"106910","27","0","27"
"106912","36","36","0"
"106913","40","40","0"
"106914","23","0","23"
"106915","44","44","0"
"106917","34","0","34"
"106918","17","0","17"
"106919","28","0","28"
"106920","47","47","0"
"106922","28","0","28"
"106923","25","0","25"
"106924","38","38","0"
"106925","31","31","0"
"106927","34","0","34"
"106928","31","31","0"
"106929","31","0","31"
"106931","25","0","25"
"106932","31","0","31"
"106935","24","0","24"
"106936","24","0","24"
"106937","16","0","16"
"106938","35","0","35"
"106939","26","0","26"
"106942","31","0","31"
"106943","46","46","0"
"106944","46","46","0"
"106945","21","0","21"
"106946","38","38","0"
"106947","23","0","23"
"106948","34","34","0"
"106949","41","41","0"
"106950","34","34","0"
"106951","32","32","0"
"106952","24","0","24"
"106953","34","34","0"
"106956","32","32","0"
"106958","36","0","36"
"106960","44","44","0"
"106961","34","0","34"
"106962","48","48","0"
"106964","46","46","0"
"106965","27","27","0"
"106966","29","0","29"
"106969","35","35","0"
"106970","35","35","0"
"106971","18","0","18"
"106972","38","0","38"
"106974","34","34","0"
"106975","25","0","25"
"106977","37","37","0"
"106978","36","36","0"
"106979","21","0","21"
"106980","34","0","34"
"106981","25","0","25"
"106982","40","40","0"
"106983","29","0","29"
"106984","31","0","31"
"106986","22","0","22"
"106988","30","30","0"
"106989","30","0","30"
"106990","19","0","19"
"106991","36","36","0"
"106992","23","0","23"
"106993","34","34","0"
"106994","30","0","30"
"106995","36","36","0"
"106996","32","32","0"
"106997","52","52","0"
"106998","24","0","24"
"106999","25","25","0"
"107000","25","0","25"
"107001","21","0","21"
"107003","33","0","33"
"107004","37","37","0"
"107005","32","0","32"
"107007","32","0","32"
"107008","42","42","0"
"107011","26","26","0"
"107012","34","0","34"
"107013","24","0","24"
"107015","32","32","0"
"107017","38","38","0"
"107018","23","0","23"
"107019","31","0","31"
"107020","24","0","24"
"107021","28","0","28"
"107022","28","0","28"
"107023","43","43","0"
"107024","28","28","0"
"107025","28","0","28"
"107027","40","40","0"
"107028","38","38","0"
"107029","38","38","0"
"107030","24","0","24"
"107031","32","32","0"
"107033","34","34","0"
"107034","43","43","0"
"107037","46","46","0"
"107038","27","27","0"
"107039","23","23","0"
"107040","28","0","28"
"107042","39","39","0"
"107045","26","0","26"
"107048","32","32","0"
"107049","32","0","32"
"107050","25","25","0"
"107051","34","34","0"
"107054","22","0","22"
"107055","30","30","0"
"107056","53","53","0"
"107058","30","0","30"
"107059","25","0","25"
"107062","40","40","0"
"107063","21","0","21"
"107065","30","0","30"
"107066","31","0","31"
"107067","25","0","25"
"107068","39","39","0"
"107069","22","0","22"
"107070","35","35","0"
"107073","37","37","0"
"107075","39","39","0"
"107076","34","34","0"
"107079","30","30","0"
"107080","29","0","29"
"107081","31","31","0"
"107085","22","0","22"
"107086","28","28","0"
"107087","30","30","0"
"107088","20","0","20"
"107089","30","30","0"
"107090","25","25","0"
"107091","26","0","26"
"107092","28","0","28"
"107093","44","44","0"
"107094","29","29","0"
"107095","22","0","22"
"107097","27","0","27"
"107098","30","0","30"
"107100","27","0","27"
"107102","30","30","0"
"107103","27","0","27"
"107105","37","37","0"
"107106","30","0","30"
"107107","26","0","26"
"107108","48","48","0"
"107109","19","0","19"
"107110","31","31","0"
"107111","28","28","0"
"107112","35","35","0"
"107115","22","0","22"
"107116","35","35","0"
"107117","32","32","0"
"107118","43","43","0"
"107119","15","0","15"
"107120","41","41","0"
"107121","27","0","27"
"107124","46","46","0"
"107125","29","0","29"
"107127","25","0","25"
"107128","24","0","24"
"107129","23","0","23"
"107132","26","0","26"
"107133","28","28","0"
"107135","24","0","24"
"107136","46","46","0"
"107137","31","31","0"
"107140","23","0","23"
"107141","33","0","33"
"107142","33","33","0"
"107144","30","30","0"
"107146","27","27","0"
"107147","29","29","0"
"107149","28","28","0"
"107150","29","29","0"
"107152","35","35","0"
"107153","43","43","0"
"107154","39","39","0"
"107155","21","0","21"
"107159","27","0","27"
"107160","31","0","31"
"107162","27","0","27"
"107164","33","33","0"
"107166","34","0","34"
"107167","20","0","20"
"107168","30","0","30"
"107169","41","41","0"
"107170","34","34","0"
"107171","25","0","25"
"107172","24","0","24"
"107173","35","35","0"
"107174","32","0","32"
"107176","32","32","0"
"107177","34","34","0"
"107178","23","0","23"
"107179","22","0","22"
"107180","36","36","0"
"107181","25","0","25"
"107183","33","0","33"
"107184","29","29","0"
"107185","14","0","14"
"107186","35","35","0"
"107187","28","0","28"
"107188","26","0","26"
"107189","30","30","0"
"107190","26","0","26"
"107191","21","0","21"
"107192","25","0","25"
"107193","39","39","0"
"107194","21","0","21"
"107195","29","0","29"
"107197","30","0","30"
"107198","38","38","0"
"107199","21","0","21"
"107200","30","0","30"
"107201","43","43","0"
"107202","26","0","26"
"107203","20","0","20"
"107204","34","34","0"
"107205","28","0","28"
"107206","20","0","20"
"107208","20","0","20"
"107209","29","29","0"
"107210","34","0","34"
"107212","27","0","27"
"107213","37","0","37"
"107215","41","41","0"
"107216","23","0","23"
"107218","32","0","32"
"107219","36","36","0"
"107220","31","31","0"
"107221","29","0","29"
"107222","34","0","34"
"107223","24","0","24"
"107224","18","0","18"
"107225","24","24","0"
"107226","16","0","16"
"107228","19","0","19"
"107230","22","0","22"
"107231","29","0","29"
"107232","29","0","29"
"107233","33","33","0"
"107234","34","34","0"
"107236","42","42","0"
"107237","26","26","0"
"107239","25","0","25"
"107240","23","0","23"
"107243","35","35","0"
"107244","27","0","27"
"107245","34","34","0"
"107246","18","0","18"
"107248","23","0","23"
"107249","33","33","0"
"107250","23","0","23"
"107251","39","39","0"
"107252","29","0","29"
"107253","32","0","32"
"107254","36","36","0"
"107255","31","0","31"
"107256","25","0","25"
"107257","37","37","0"
"107258","40","40","0"
"107259","25","0","25"
"107260","30","30","0"
"107262","37","37","0"
"107263","30","0","30"
"107265","33","0","33"
"107266","30","0","30"
"107268","30","0","30"
"107269","26","0","26"
"107272","32","32","0"
"107273","22","0","22"
"107275","39","39","0"
"107276","41","41","0"
"107278","29","29","0"
"107279","36","0","36"
"107280","23","0","23"
"107281","45","45","0"
"107282","34","34","0"
"107283","24","0","24"
"107285","36","0","36"
"107287","42","42","0"
"107288","34","0","34"
"107289","30","0","30"
"107290","33","0","33"
"107291","24","0","24"
"107292","31","0","31"
"107293","26","0","26"
"107294","21","0","21"
"107295","33","33","0"
"107297","43","43","0"
"107298","25","0","25"
"107299","28","0","28"
"107300","28","0","28"
"107301","48","48","0"
"107302","36","36","0"
"107303","47","47","0"
"107304","46","46","0"
"107305","39","39","0"
"107308","37","37","0"
"107309","28","0","28"
"107310","29","29","0"
"107311","47","47","0"
"107312","26","0","26"
"107313","26","0","26"
"107314","38","0","38"
"107315","15","0","15"
"107316","35","35","0"
"107317","29","0","29"
"107319","24","0","24"
"107321","30","0","30"
"107323","37","37","0"
"107325","28","28","0"
"107326","30","0","30"
"107327","26","0","26"
"107328","28","0","28"
"107329","36","0","36"
"107330","37","37","0"
"107331","27","0","27"
"107332","40","40","0"
"107333","35","35","0"
"107335","45","45","0"
"107336","42","42","0"
"107339","28","28","0"
"107340","30","0","30"
"107341","35","35","0"
"107342","45","45","0"
"107343","24","0","24"
"107344","30","30","0"
"107345","20","0","20"
"107346","26","0","26"
"107347","30","0","30"
"107348","34","0","34"
"107350","16","0","16"
"107351","49","49","0"
"107352","27","27","0"
"107355","20","0","20"
"107356","42","42","0"
"107357","20","0","20"
"107358","45","45","0"
"107359","28","28","0"
"107362","26","0","26"
"107363","38","38","0"
"107364","21","0","21"
"107366","41","41","0"
"107371","52","52","0"
"107373","44","44","0"
"107374","30","30","0"
"107376","33","33","0"
"107377","39","0","39"
"107379","29","0","29"
"107382","41","0","41"
"107383","32","0","32"
"107384","34","34","0"
"107386","38","38","0"
"107387","34","0","34"
"107389","18","0","18"
"107390","33","33","0"
"107391","39","39","0"
"107393","44","44","0"
"107395","23","0","23"
"107396","31","0","31"
"107397","19","0","19"
"107398","27","27","0"
"107401","37","37","0"
"107402","28","0","28"
"107403","32","32","0"
"107406","35","35","0"
"107409","34","34","0"
"107410","29","29","0"
"107411","36","36","0"
"107412","29","29","0"
"107414","18","0","18"
"107415","41","41","0"
"107416","34","0","34"
"107417","32","0","32"
"107418","37","37","0"
"107419","38","38","0"
"107420","39","39","0"
"107421","25","0","25"
"107422","45","45","0"
"107423","27","0","27"
"107424","25","0","25"
"107425","17","0","17"
"107427","43","43","0"
"107428","28","28","0"
"107429","35","35","0"
"107433","33","33","0"
"107437","25","0","25"
"107441","42","42","0"
"107442","42","42","0"
"107443","24","24","0"
"107445","29","29","0"
"107446","34","34","0"
"107449","35","35","0"
"107451","35","35","0"
"107452","24","0","24"
"107453","20","0","20"
"107455","20","0","20"
"107457","25","0","25"
"107458","28","28","0"
"107460","23","0","23"
"107462","28","0","28"
"107463","28","28","0"
"107464","43","43","0"
"107467","48","48","0"
"107468","24","24","0"
"107469","19","0","19"
"107471","28","0","28"
"107472","29","29","0"
"107473","26","0","26"
"107474","22","0","22"
"107475","36","36","0"
"107476","31","0","31"
"107477","30","0","30"
"107479","21","0","21"
"107480","26","0","26"
"107482","33","33","0"
"107483","38","38","0"
"107484","38","38","0"
"107486","27","0","27"
"107487","34","34","0"
"107488","38","38","0"
"107489","42","42","0"
"107490","30","30","0"
"107491","39","39","0"
"107493","37","37","0"
"107494","36","36","0"
"107495","19","0","19"
"107496","35","35","0"
"107499","30","0","30"
"107500","26","0","26"
"107501","27","0","27"
"107504","36","36","0"
"107505","28","0","28"
"107506","18","0","18"
"107507","26","26","0"
"107509","38","38","0"
"107510","21","0","21"
"107513","46","46","0"
"107515","32","32","0"
"107516","36","0","36"
"107517","29","0","29"
"107520","46","46","0"
"107521","52","52","0"
"107522","38","0","38"
"107525","28","0","28"
"107526","30","0","30"
"107528","32","32","0"
"107529","35","35","0"
"107531","35","35","0"
"107532","36","36","0"
"107534","24","0","24"
"107535","23","0","23"
"107536","22","0","22"
"107537","25","0","25"
"107538","24","0","24"
"107539","27","27","0"
"107541","29","29","0"
"107542","37","0","37"
"107543","34","34","0"
"107544","34","0","34"
"107546","20","0","20"
"107547","36","36","0"
"107548","31","31","0"
"107550","43","43","0"
"107552","22","0","22"
"107553","25","0","25"
"107554","29","0","29"
"107555","25","0","25"
"107556","24","0","24"
"107557","36","0","36"
"107559","33","33","0"
"107560","24","0","24"
"107562","42","42","0"
"107563","32","32","0"
"107565","42","42","0"
"107567","35","0","35"
"107569","37","37","0"
"107570","52","52","0"
"107571","34","34","0"
"107572","22","0","22"
"107574","23","0","23"
"107576","22","0","22"
"107579","45","45","0"
"107580","20","0","20"
"107581","27","0","27"
"107583","39","39","0"
"107584","35","0","35"
"107586","31","31","0"
"107588","23","0","23"
"107590","32","32","0"
"107591","34","34","0"
"107592","32","0","32"
"107594","32","0","32"
"107595","44","44","0"
"107596","41","41","0"
"107599","43","43","0"
"107600","24","0","24"
"107601","38","38","0"
"107602","20","0","20"
"107604","33","0","33"
"107605","32","0","32"
"107607","31","0","31"
"107609","32","0","32"
"107610","46","46","0"
"107611","25","0","25"
"107612","32","32","0"
"107613","30","30","0"
"107615","36","36","0"
"107616","40","40","0"
"107617","37","0","37"
"107618","42","42","0"
"107619","35","35","0"
"107620","21","0","21"
"107621","42","42","0"
"107622","29","0","29"
"107623","32","32","0"
"107624","27","0","27"
"107627","44","44","0"
"107628","31","0","31"
"107632","45","45","0"
"107633","26","26","0"
"107635","41","41","0"
"107637","40","40","0"
"107638","26","0","26"
"107639","32","0","32"
"107640","32","32","0"
"107642","42","42","0"
"107643","28","0","28"
"107645","16","16","0"
"107646","21","0","21"
"107647","23","0","23"
"107650","35","35","0"
"107652","45","45","0"
"107653","40","40","0"
"107655","34","34","0"
"107656","38","38","0"
"107657","33","33","0"
"107659","20","0","20"
"107661","35","35","0"
"107664","30","0","30"
"107666","25","0","25"
"107667","35","35","0"
"107668","16","0","16"
"107671","32","0","32"
"107672","35","0","35"
"107674","30","30","0"
"107675","31","0","31"
"107677","39","39","0"
"107678","32","32","0"
"107679","19","0","19"
"107680","13","0","13"
"107681","25","0","25"
"107682","34","34","0"
"107685","24","0","24"
"107686","29","0","29"
"107687","28","0","28"
"107691","35","35","0"
"107695","42","42","0"
"107697","27","0","27"
"107698","22","0","22"
"107699","38","38","0"
"107700","34","34","0"
"107702","33","33","0"
"107703","22","0","22"
"107706","31","0","31"
"107707","37","37","0"
"107709","35","35","0"
"107710","16","0","16"
"107712","44","44","0"
"107714","22","0","22"
"107715","38","38","0"
"107716","44","44","0"
"107718","37","37","0"
"107719","25","0","25"
"107722","24","0","24"
"107723","18","0","18"
"107724","30","0","30"
"107725","29","0","29"
"107726","28","0","28"
"107727","18","0","18"
"107729","33","33","0"
"107731","39","39","0"
"107732","23","0","23"
"107734","48","48","0"
"107735","29","0","29"
"107737","29","0","29"
"107738","27","0","27"
"107739","24","0","24"
"107740","28","0","28"
"107742","29","0","29"
"107743","34","34","0"
"107744","27","0","27"
"107745","28","28","0"
"107747","17","0","17"
"107748","27","0","27"
"107749","32","32","0"
"107750","29","0","29"
"107751","40","40","0"
"107752","42","42","0"
"107753","42","42","0"
"107755","46","46","0"
"107756","35","35","0"
"107758","32","32","0"
"107760","37","37","0"
"107761","32","32","0"
"107763","35","0","35"
"107765","37","37","0"
"107766","40","40","0"
"107768","36","36","0"
"107771","40","40","0"
"107772","35","35","0"
"107773","41","41","0"
"107774","33","33","0"
"107775","24","0","24"
"107776","19","0","19"
"107778","22","0","22"
"107779","28","0","28"
"107781","42","42","0"
"107783","19","0","19"
"107785","24","0","24"
"107786","26","0","26"
"107787","22","0","22"
"107788","21","0","21"
"107794","40","40","0"
"107795","33","0","33"
"107797","28","0","28"
"107799","31","31","0"
"107801","17","0","17"
"107803","23","0","23"
"107804","44","44","0"
"107806","21","0","21"
"107807","29","29","0"
"107808","36","36","0"
"107810","28","0","28"
"107812","25","0","25"
"107813","33","33","0"
"107816","25","0","25"
"107817","35","35","0"
"107819","40","40","0"
"107820","29","29","0"
"107821","35","35","0"
"107822","18","0","18"
"107826","42","42","0"
"107828","28","28","0"
"107829","39","39","0"
"107831","41","41","0"
"107832","22","0","22"
"107833","35","0","35"
"107834","28","28","0"
"107835","17","0","17"
"107836","41","41","0"
"107838","39","39","0"
"107839","25","0","25"
"107841","44","44","0"
"107842","40","40","0"
"107843","25","0","25"
"107844","36","36","0"
"107845","42","42","0"
"107846","34","34","0"
"107848","34","34","0"
"107849","29","29","0"
"107850","36","36","0"
"107851","32","0","32"
"107855","33","33","0"
"107856","32","32","0"
"107857","16","0","16"
"107858","35","35","0"
"107859","38","38","0"
"107860","36","36","0"
"107861","31","0","31"
"107863","34","34","0"
"107864","27","0","27"
"107865","30","0","30"
"107867","40","40","0"
"107868","21","0","21"
"107869","41","41","0"
"107871","35","0","35"
"107872","16","0","16"
"107873","30","0","30"
"107875","33","0","33"
"107876","38","38","0"
"107877","36","36","0"
"107878","25","0","25"
"107879","34","34","0"
"107881","38","38","0"
"107882","36","36","0"
"107883","40","40","0"
"107884","42","42","0"
"107885","23","0","23"
"107886","33","0","33"
"107888","30","30","0"
"107889","36","36","0"
"107891","24","0","24"
"107892","27","27","0"
"107893","26","26","0"
"107894","45","45","0"
"107895","25","0","25"
"107896","23","0","23"
"107897","30","30","0"
"107899","43","43","0"
"107900","18","0","18"
"107901","40","40","0"
"107902","43","43","0"
"107903","25","0","25"
"107904","19","0","19"
"107905","21","0","21"
"107906","38","38","0"
"107908","30","0","30"
"107909","30","0","30"
"107910","38","38","0"
"107912","26","0","26"
"107913","21","0","21"
"107915","48","48","0"
"107916","30","0","30"
"107917","30","0","30"
"107919","26","0","26"
"107920","21","0","21"
"107921","49","49","0"
"107922","29","0","29"
"107923","22","22","0"
"107924","30","0","30"
"107925","29","0","29"
"107926","34","34","0"
"107928","37","37","0"
"107930","23","0","23"
"107931","38","38","0"
"107932","29","0","29"
"107933","29","0","29"
"107934","26","0","26"
"107936","24","0","24"
"107937","25","0","25"
"107939","26","0","26"
"107940","27","0","27"
"107941","37","37","0"
"107942","51","51","0"
"107943","24","24","0"
"107944","24","0","24"
"107945","31","31","0"
"107946","21","0","21"
"107947","39","39","0"
"107948","22","0","22"
"107949","21","21","0"
"107952","33","33","0"
"107953","32","32","0"
"107954","14","0","14"
"107960","23","0","23"
"107961","39","0","39"
"107963","29","0","29"
"107964","25","0","25"
"107965","28","0","28"
"107966","46","46","0"
"107968","24","0","24"
"107969","21","0","21"
"107971","20","0","20"
"107976","16","0","16"
"107979","17","0","17"
"107980","24","0","24"
"107981","32","32","0"
"107982","42","42","0"
"107983","38","38","0"
"107984","25","0","25"
"107985","36","36","0"
"107986","33","0","33"
"107987","33","33","0"
"107989","31","31","0"
"107991","33","33","0"
"107992","30","0","30"
"107994","32","0","32"
"107995","30","30","0"
"107996","25","25","0"
"107999","23","0","23"
"108000","31","0","31"
"108001","29","29","0"
"108002","29","29","0"
"108003","37","37","0"
"108004","30","0","30"
"108005","18","18","0"
"108006","27","0","27"
"108008","35","35","0"
"108009","22","0","22"
"108010","24","0","24"
"108011","23","0","23"
"108012","27","0","27"
"108013","19","0","19"
"108015","26","0","26"
"108016","21","0","21"
"108019","39","39","0"
"108020","32","32","0"
"108021","28","0","28"
"108022","25","0","25"
"108023","35","35","0"
"108024","27","0","27"
"108025","44","44","0"
"108027","23","0","23"
"108030","25","0","25"
"108031","35","35","0"
"108034","34","34","0"
"108036","26","26","0"
"108038","36","36","0"
"108039","38","38","0"
"108040","24","24","0"
"108041","37","37","0"
"108044","20","0","20"
"108045","33","33","0"
"108048","39","39","0"
"108049","27","0","27"
"108051","33","0","33"
"108052","27","0","27"
"108053","26","0","26"
"108054","31","0","31"
"108055","42","42","0"
"108056","20","0","20"
"108057","32","32","0"
"108059","31","31","0"
"108060","30","30","0"
"108061","36","36","0"
"108062","30","0","30"
"108063","30","0","30"
"108064","19","0","19"
"108065","24","0","24"
"108066","24","0","24"
"108068","26","0","26"
"108069","45","45","0"
"108071","22","0","22"
"108072","21","0","21"
"108074","40","40","0"
"108077","38","0","38"
"108078","37","37","0"
"108080","31","31","0"
"108081","34","34","0"
"108083","44","44","0"
"108084","34","0","34"
"108085","34","34","0"
"108086","31","31","0"
"108088","26","26","0"
"108089","34","34","0"
"108090","18","0","18"
"108092","22","0","22"
"108093","34","34","0"
"108094","23","0","23"
"108095","27","0","27"
"108096","23","0","23"
"108097","17","0","17"
"108098","24","0","24"
"108100","34","34","0"
"108103","29","0","29"
"108104","31","31","0"
"108106","32","32","0"
"108109","32","0","32"
"108110","41","41","0"
"108111","28","0","28"
"108112","39","39","0"
"108113","36","36","0"
"108117","44","44","0"
"108118","37","0","37"
"108119","18","0","18"
"108120","41","41","0"
"108121","30","0","30"
"108122","38","38","0"
"108123","30","0","30"
"108125","21","0","21"
"108126","28","0","28"
"108127","28","0","28"
"108128","41","41","0"
"108129","45","45","0"
"108131","28","28","0"
"108133","30","0","30"
"108134","27","0","27"
"108135","21","0","21"
"108137","24","0","24"
"108139","22","22","0"
"108140","28","0","28"
"108141","29","29","0"
"108142","29","0","29"
"108143","25","0","25"
"108145","31","0","31"
"108147","25","0","25"
"108148","23","0","23"
"108149","31","31","0"
"108150","26","0","26"
"108152","30","0","30"
"108155","28","28","0"
"108156","40","40","0"
"108158","33","33","0"
"108159","29","0","29"
"108161","26","0","26"
"108165","32","32","0"
"108166","43","43","0"
"108167","26","0","26"
"108168","38","38","0"
"108169","27","0","27"
"108171","44","44","0"
"108172","36","36","0"
"108174","17","0","17"
"108175","24","0","24"
"108176","18","0","18"
"108177","33","33","0"
"108180","28","0","28"
"108181","22","0","22"
"108182","27","0","27"
"108183","26","0","26"
"108184","33","0","33"
"108186","37","0","37"
"108187","36","36","0"
"108188","38","0","38"
"108190","36","36","0"
"108191","32","32","0"
"108193","32","32","0"
"108194","39","39","0"
"108195","36","36","0"
"108196","21","0","21"
"108197","33","0","33"
"108198","26","0","26"
"108199","37","37","0"
"108200","27","0","27"
"108201","31","0","31"
"108203","22","0","22"
"108205","36","36","0"
"108206","24","0","24"
"108207","28","0","28"
"108209","32","32","0"
"108210","42","42","0"
"108211","35","35","0"
"108212","31","0","31"
"108213","49","49","0"
"108215","26","26","0"
"108216","43","43","0"
"108217","33","33","0"
"108218","27","0","27"
"108219","23","0","23"
"108220","28","0","28"
"108222","38","38","0"
"108224","30","0","30"
"108225","30","0","30"
"108227","28","0","28"
"108230","44","44","0"
"108231","21","0","21"
"108232","16","0","16"
"108234","29","0","29"
"108236","38","38","0"
"108239","37","0","37"
"108240","23","0","23"
"108241","21","0","21"
"108242","40","40","0"
"108243","22","0","22"
"108244","27","27","0"
"108245","32","0","32"
"108246","32","32","0"
"108248","46","46","0"
"108249","36","36","0"
"108250","30","0","30"
"108251","39","39","0"
"108255","22","0","22"
"108256","30","0","30"
"108257","26","0","26"
"108259","16","0","16"
"108260","45","45","0"
"108261","26","0","26"
"108262","23","0","23"
"108263","29","0","29"
"108264","32","32","0"
"108265","33","33","0"
"108267","23","0","23"
"108268","32","32","0"
"108269","26","26","0"
"108272","27","0","27"
"108273","27","27","0"
"108274","32","32","0"
"108275","25","0","25"
"108276","27","0","27"
"108277","34","34","0"
"108278","20","0","20"
"108279","40","40","0"
"108280","26","0","26"
"108282","32","0","32"
"108283","34","34","0"
"108284","38","38","0"
"108286","23","0","23"
"108287","30","0","30"
"108288","37","37","0"
"108290","34","34","0"
"108292","42","42","0"
"108293","28","0","28"
"108294","37","37","0"
"108296","38","38","0"
"108299","41","41","0"
"108300","28","0","28"
"108301","33","0","33"
"108302","18","0","18"
"108303","22","0","22"
"108304","31","0","31"
"108305","42","42","0"
"108307","32","32","0"
"108308","37","37","0"
"108309","25","0","25"
"108312","33","33","0"
"108314","28","0","28"
"108315","32","0","32"
"108316","27","0","27"
"108317","33","33","0"
"108318","36","36","0"
"108319","30","0","30"
"108320","25","0","25"
"108321","34","34","0"
"108322","32","32","0"
"108323","28","28","0"
"108324","34","34","0"
"108325","14","0","14"
"108328","44","44","0"
"108329","31","0","31"
"108330","29","29","0"
"108331","27","0","27"
"108332","37","37","0"
"108334","18","0","18"
"108335","30","0","30"
"108339","33","33","0"
"108340","47","47","0"
"108341","35","35","0"
"108342","30","30","0"
"108346","37","0","37"
"108347","31","31","0"
"108348","34","34","0"
"108349","28","0","28"
"108352","28","0","28"
"108353","38","38","0"
"108354","39","39","0"
"108356","38","38","0"
"108357","34","0","34"
"108358","37","37","0"
"108360","14","0","14"
"108361","29","29","0"
"108363","29","0","29"
"108364","41","41","0"
"108367","31","31","0"
"108369","39","39","0"
"108370","34","34","0"
"108371","25","25","0"
"108372","21","0","21"
"108373","46","46","0"
"108374","46","46","0"
"108376","35","35","0"
"108377","37","0","37"
"108378","23","0","23"
"108379","20","0","20"
"108381","28","28","0"
"108382","37","0","37"
"108383","21","0","21"
"108386","34","34","0"
"108388","23","0","23"
"108390","26","0","26"
"108392","23","0","23"
"108393","30","0","30"
"108394","30","0","30"
"108397","30","30","0"
"108398","27","0","27"
"108399","38","38","0"
"108400","41","41","0"
"108401","39","39","0"
"108402","22","0","22"
"108403","25","0","25"
"108404","23","0","23"
"108405","19","0","19"
"108409","19","0","19"
"108411","31","31","0"
"108412","30","0","30"
"108417","17","0","17"
"108420","43","43","0"
"108421","22","0","22"
"108422","37","37","0"
"108424","29","0","29"
"108425","23","0","23"
"108426","29","29","0"
"108428","43","43","0"
"108429","40","40","0"
"108431","39","39","0"
"108433","22","0","22"
"108434","37","37","0"
"108436","22","0","22"
"108438","27","0","27"
"108439","32","32","0"
"108440","36","36","0"
"108441","30","30","0"
"108442","18","0","18"
"108445","29","29","0"
"108446","29","0","29"
"108447","35","35","0"
"108448","22","0","22"
"108449","43","43","0"
"108450","24","0","24"
"108452","36","36","0"
"108453","39","39","0"
"108455","28","28","0"
"108456","37","37","0"
"108457","27","27","0"
"108459","40","40","0"
"108460","30","0","30"
"108462","29","29","0"
"108464","37","37","0"
"108466","36","36","0"
"108467","41","41","0"
"108468","23","0","23"
"108469","21","0","21"
"108470","21","0","21"
"108471","36","36","0"
"108472","25","0","25"
"108474","27","0","27"
"108475","34","0","34"
"108477","29","0","29"
"108478","26","26","0"
"108479","40","40","0"
"108480","38","38","0"
"108481","24","0","24"
"108482","30","30","0"
"108484","28","0","28"
"108485","46","46","0"
"108487","44","44","0"
"108489","18","0","18"
"108492","36","36","0"
"108493","32","32","0"
"108494","27","0","27"
"108498","23","0","23"
"108499","20","0","20"
"108502","19","0","19"
"108503","17","0","17"
"108504","46","46","0"
"108505","45","45","0"
"108507","38","38","0"
"108508","43","43","0"
"108509","18","0","18"
"108510","31","31","0"
"108511","46","46","0"
"108513","25","25","0"
"108514","39","0","39"
"108515","26","0","26"
"108516","34","34","0"
"108517","32","32","0"
"108518","35","35","0"
"108519","30","0","30"
"108521","30","30","0"
"108527","41","41","0"
"108528","27","0","27"
"108530","35","35","0"
"108532","35","35","0"
"108534","32","32","0"
"108535","42","42","0"
"108536","36","36","0"
"108538","24","24","0"
"108540","24","0","24"
"108541","29","29","0"
"108542","36","36","0"
"108544","35","0","35"
"108545","19","0","19"
"108546","30","0","30"
"108547","26","0","26"
"108548","24","0","24"
"108549","34","34","0"
"108550","42","42","0"
"108551","40","40","0"
"108552","32","0","32"
"108553","24","0","24"
"108555","21","0","21"
"108556","25","0","25"
"108557","32","32","0"
"108558","36","36","0"
"108559","31","0","31"
"108563","37","37","0"
"108565","27","0","27"
"108566","25","0","25"
"108567","29","29","0"
"108574","31","0","31"
"108575","21","0","21"
"108576","26","0","26"
"108577","28","28","0"
"108579","25","0","25"
"108580","36","36","0"
"108582","32","32","0"
"108583","35","35","0"
"108585","31","31","0"
"108586","34","34","0"
"108587","41","41","0"
"108590","39","39","0"
"108591","24","0","24"
"108592","29","29","0"
"108593","30","0","30"
"108597","25","0","25"
"108598","45","45","0"
"108599","40","40","0"
"108600","27","0","27"
"108601","26","0","26"
"108602","21","0","21"
"108603","45","45","0"
"108604","42","42","0"
"108605","31","31","0"
"108607","13","0","13"
"108608","28","0","28"
"108611","29","29","0"
"108612","49","49","0"
"108613","33","33","0"
"108615","19","0","19"
"108616","27","0","27"
"108617","16","0","16"
"108619","37","37","0"
"108620","33","33","0"
"108621","29","0","29"
"108622","33","33","0"
"108625","24","0","24"
"108627","38","38","0"
"108628","25","25","0"
"108630","33","33","0"
"108631","33","33","0"
"108632","34","34","0"
"108633","43","43","0"
"108634","36","36","0"
"108639","40","40","0"
"108640","15","0","15"
"108642","24","0","24"
"108643","17","0","17"
"108644","30","30","0"
"108645","40","40","0"
"108647","42","42","0"
"108649","26","26","0"
"108651","42","42","0"
"108652","34","34","0"
"108653","26","0","26"
"108654","39","39","0"
"108655","25","0","25"
"108656","36","36","0"
"108657","32","32","0"
"108660","24","0","24"
"108661","30","30","0"
"108662","29","0","29"
"108664","33","0","33"
"108665","43","43","0"
"108666","28","0","28"
"108667","33","33","0"
"108668","23","0","23"
"108669","30","30","0"
"108670","28","28","0"
"108671","10","0","10"
"108675","26","0","26"
"108677","24","0","24"
"108679","33","33","0"
"108680","28","0","28"
"108681","24","24","0"
"108684","35","35","0"
"108685","34","34","0"
"108686","21","0","21"
"108688","31","0","31"
"108689","28","0","28"
"108690","30","0","30"
"108691","35","35","0"
"108692","29","0","29"
"108695","25","0","25"
"108696","33","33","0"
"108697","33","0","33"
"108698","33","0","33"
"108699","22","0","22"
"108700","21","0","21"
"108701","28","28","0"
"108704","30","0","30"
"108705","29","29","0"
"108706","38","38","0"
"108707","32","32","0"
"108708","41","41","0"
"108709","32","32","0"
"108712","38","38","0"
"108713","16","0","16"
"108714","46","46","0"
"108715","19","0","19"
"108716","11","0","11"
"108718","34","34","0"
"108719","28","0","28"
"108721","33","0","33"
"108722","32","32","0"
"108723","24","0","24"
"108724","18","0","18"
"108725","39","39","0"
"108726","31","0","31"
"108727","40","40","0"
"108728","41","41","0"
"108729","24","0","24"
"108730","36","0","36"
"108732","42","42","0"
"108735","39","39","0"
"108736","34","34","0"
"108737","29","29","0"
"108738","31","0","31"
"108739","33","33","0"
"108740","42","42","0"
"108742","40","40","0"
"108743","23","0","23"
"108744","26","0","26"
"108745","31","31","0"
"108746","34","34","0"
"108747","26","0","26"
"108750","38","38","0"
"108751","30","30","0"
"108753","35","0","35"
"108754","27","0","27"
"108755","26","0","26"
"108756","29","29","0"
"108757","46","46","0"
"108758","39","39","0"
"108760","47","47","0"
"108762","33","33","0"
"108763","22","0","22"
"108764","42","42","0"
"108765","25","0","25"
"108766","38","0","38"
"108767","27","0","27"
"108769","47","47","0"
"108771","44","44","0"
"108773","48","48","0"
"108775","32","0","32"
"108776","38","38","0"
"108777","27","0","27"
"108778","27","0","27"
"108779","39","39","0"
"108780","26","0","26"
"108782","31","0","31"
"108783","33","33","0"
"108784","50","50","0"
"108785","28","28","0"
"108786","36","36","0"
"108787","33","33","0"
"108788","33","33","0"
"108790","30","30","0"
"108791","38","38","0"
"108792","29","0","29"
"108793","20","0","20"
"108794","44","44","0"
"108795","42","42","0"
"108796","25","0","25"
"108797","39","39","0"
"108799","23","0","23"
"108800","44","44","0"
"108801","43","43","0"
"108802","29","0","29"
"108803","34","34","0"
"108804","28","0","28"
"108805","27","0","27"
"108807","26","0","26"
"108808","40","40","0"
"108811","31","0","31"
"108812","32","32","0"
"108814","25","0","25"
"108815","34","34","0"
"108816","23","23","0"
"108817","42","42","0"
"108819","27","0","27"
"108820","22","0","22"
"108821","28","0","28"
"108822","20","0","20"
"108823","28","28","0"
"108824","32","0","32"
"108825","39","39","0"
"108827","45","45","0"
"108828","38","38","0"
"108829","22","0","22"
"108830","38","38","0"
"108831","23","0","23"
"108832","29","0","29"
"108834","34","0","34"
"108835","24","0","24"
"108836","42","42","0"
"108837","26","0","26"
"108838","38","38","0"
"108839","28","0","28"
"108840","37","37","0"
"108842","25","25","0"
"108844","39","39","0"
"108845","30","30","0"
"108847","26","0","26"
"108848","32","32","0"
"108850","25","25","0"
"108854","33","0","33"
"108855","28","0","28"
"108856","18","0","18"
"108857","34","34","0"
"108858","30","30","0"
"108859","36","0","36"
"108861","26","0","26"
"108862","27","0","27"
"108863","40","40","0"
"108864","25","0","25"
"108866","34","0","34"
"108867","37","37","0"
"108869","42","42","0"
"108870","19","0","19"
"108872","32","32","0"
"108874","28","28","0"
"108875","39","39","0"
"108878","31","31","0"
"108879","37","37","0"
"108880","19","0","19"
"108881","34","0","34"
"108882","40","40","0"
"108884","36","36","0"
"108887","31","0","31"
"108888","28","0","28"
"108889","33","33","0"
"108890","24","0","24"
"108892","34","0","34"
"108893","37","37","0"
"108895","34","34","0"
"108896","30","0","30"
"108897","32","32","0"
"108898","21","0","21"
"108899","32","32","0"
"108901","36","0","36"
"108902","27","0","27"
"108904","22","0","22"
"108905","28","28","0"
"108906","25","0","25"
"108907","34","34","0"
"108908","32","0","32"
"108909","17","0","17"
"108911","29","0","29"
"108912","26","26","0"
"108913","34","34","0"
"108914","42","42","0"
"108918","35","35","0"
"108919","30","0","30"
"108921","27","27","0"
"108922","34","34","0"
"108923","21","21","0"
"108925","50","50","0"
"108926","29","0","29"
"108927","31","31","0"
"108928","36","36","0"
"108929","27","27","0"
"108930","28","0","28"
"108932","28","0","28"
"108934","26","0","26"
"108936","37","37","0"
"108937","45","45","0"
"108938","40","40","0"
"108939","31","31","0"
"108940","24","0","24"
"108942","31","0","31"
"108943","42","42","0"
"108944","33","33","0"
"108945","22","0","22"
"108946","33","0","33"
"108947","21","0","21"
"108948","26","0","26"
"108949","32","32","0"
"108953","30","0","30"
"108954","38","38","0"
"108955","24","24","0"
"108956","27","27","0"
"108957","28","0","28"
"108958","28","28","0"
"108959","31","31","0"
"108962","30","30","0"
"108964","40","40","0"
"108965","34","34","0"
"108966","28","0","28"
"108968","29","0","29"
"108969","25","0","25"
"108971","42","42","0"
"108972","41","41","0"
"108973","30","0","30"
"108974","37","0","37"
"108975","33","33","0"
"108976","21","21","0"
"108977","28","0","28"
"108978","20","0","20"
"108979","41","41","0"
"108980","30","0","30"
"108981","27","0","27"
"108982","23","0","23"
"108983","34","0","34"
"108984","26","0","26"
"108985","27","0","27"
"108986","31","31","0"
"108988","24","0","24"
"108990","37","0","37"
"108992","46","46","0"
"108994","13","0","13"
"108995","28","0","28"
"108996","26","0","26"
"108999","39","39","0"
"109000","35","35","0"
"109002","35","35","0"
"109003","38","38","0"
"109004","22","0","22"
"109005","22","0","22"
"109006","16","0","16"
"109007","22","0","22"
"109008","28","0","28"
"109009","49","49","0"
"109010","36","36","0"
"109011","26","0","26"
"109012","32","0","32"
"109013","44","44","0"
"109014","18","0","18"
"109015","36","36","0"
"109016","28","0","28"
"109017","34","0","34"
"109018","28","0","28"
"109022","53","53","0"
"109026","24","0","24"
"109027","21","0","21"
"109029","33","33","0"
"109032","38","38","0"
"109033","26","0","26"
"109034","38","38","0"
"109035","37","37","0"
"109036","37","37","0"
"109037","35","0","35"
"109038","27","0","27"
"109040","26","26","0"
"109041","30","30","0"
"109042","27","0","27"
"109044","29","0","29"
"109045","26","0","26"
"109048","29","0","29"
"109050","21","0","21"
"109051","24","0","24"
"109052","27","0","27"
"109054","36","0","36"
"109055","28","0","28"
"109056","45","45","0"
"109057","42","42","0"
"109058","31","0","31"
"109060","34","34","0"
"109061","32","32","0"
"109064","28","28","0"
"109065","30","30","0"
"109067","22","0","22"
"109070","42","42","0"
"109072","21","0","21"
"109073","18","0","18"
"109074","29","29","0"
"109075","48","48","0"
"109077","37","37","0"
"109080","26","0","26"
"109082","26","0","26"
"109083","25","0","25"
"109084","25","0","25"
"109085","26","0","26"
"109086","31","31","0"
"109088","36","0","36"
"109089","37","37","0"
"109090","25","0","25"
"109091","30","30","0"
"109092","43","43","0"
"109094","29","29","0"
"109096","22","0","22"
"109097","23","0","23"
"109098","29","29","0"
"109100","20","20","0"
"109101","23","0","23"
"109106","18","0","18"
"109107","39","39","0"
"109108","37","37","0"
"109109","28","0","28"
"109110","28","0","28"
"109111","25","0","25"
"109112","38","38","0"
"109114","20","0","20"
"109115","32","0","32"
"109117","41","41","0"
"109118","23","0","23"
"109119","22","0","22"
"109121","38","38","0"
"109122","25","0","25"
"109124","32","32","0"
"109126","36","36","0"
"109128","31","0","31"
"109129","20","0","20"
"109131","24","0","24"
"109132","22","0","22"
"109133","24","0","24"
"109134","36","36","0"
"109135","29","0","29"
"109136","26","0","26"
"109138","28","0","28"
"109140","31","31","0"
"109141","32","32","0"
"109142","26","26","0"
"109143","42","42","0"
"109145","33","33","0"
"109146","27","0","27"
"109147","24","24","0"
"109150","24","24","0"
"109151","35","35","0"
"109152","20","0","20"
"109154","19","0","19"
"109155","34","34","0"
"109158","18","0","18"
"109159","41","41","0"
"109160","21","0","21"
"109161","23","23","0"
"109162","45","45","0"
"109163","30","0","30"
"109166","28","0","28"
"109167","38","38","0"
"109168","24","0","24"
"109172","20","0","20"
"109173","38","0","38"
"109174","31","31","0"
"109175","23","0","23"
"109177","22","0","22"
"109178","26","0","26"
"109179","26","0","26"
"109180","33","0","33"
"109183","24","0","24"
"109184","15","0","15"
"109186","31","0","31"
"109189","38","0","38"
"109190","42","0","42"
"109191","34","0","34"
"109192","35","0","35"
"109194","31","31","0"
"109195","34","34","0"
"109196","23","0","23"
"109198","19","0","19"
"109199","23","23","0"
"109201","30","0","30"
"109202","46","46","0"
"109203","42","42","0"
"109204","30","30","0"
"109207","28","0","28"
"109208","49","49","0"
"109209","31","31","0"
"109210","30","0","30"
"109211","27","0","27"
"109212","33","33","0"
"109214","21","0","21"
"109215","28","28","0"
"109216","35","35","0"
"109219","18","0","18"
"109220","36","36","0"
"109221","20","0","20"
"109223","21","0","21"
"109224","26","0","26"
"109226","44","44","0"
"109227","35","0","35"
"109228","32","0","32"
"109229","37","0","37"
"109230","45","0","45"
"109232","31","0","31"
"109233","42","42","0"
"109234","30","0","30"
"109235","19","0","19"
"109237","34","0","34"
"109238","32","32","0"
"109240","41","41","0"
"109244","41","41","0"
"109246","30","0","30"
"109248","34","34","0"
"109249","28","28","0"
"109250","29","0","29"
"109254","26","26","0"
"109256","38","38","0"
"109257","35","0","35"
"109260","25","0","25"
"109261","36","36","0"
"109263","39","39","0"
"109264","27","0","27"
"109265","36","0","36"
"109266","26","0","26"
"109267","28","0","28"
"109268","39","39","0"
"109270","16","0","16"
"109271","32","0","32"
"109274","40","40","0"
"109275","16","0","16"
"109276","35","0","35"
"109277","24","0","24"
"109278","29","0","29"
"109279","38","38","0"
"109280","28","28","0"
"109282","28","28","0"
"109283","21","0","21"
"109284","35","35","0"
"109286","16","0","16"
"109289","24","0","24"
"109290","48","48","0"
"109291","44","44","0"
"109293","28","28","0"
"109294","24","0","24"
"109295","42","42","0"
"109299","18","0","18"
"109300","25","0","25"
"109301","26","0","26"
"109302","41","41","0"
"109303","45","45","0"
"109304","28","0","28"
"109305","33","33","0"
"109310","29","0","29"
"109311","24","0","24"
"109312","34","0","34"
"109313","45","45","0"
"109314","29","0","29"
"109315","22","0","22"
"109317","37","0","37"
"109321","32","32","0"
"109322","39","39","0"
"109324","26","0","26"
"109325","27","0","27"
"109326","30","0","30"
"109327","35","35","0"
"109329","27","0","27"
"109330","17","0","17"
"109333","29","0","29"
"109334","36","36","0"
"109335","34","34","0"
"109336","42","42","0"
"109338","30","0","30"
"109339","30","0","30"
"109341","16","0","16"
"109342","25","0","25"
"109345","43","43","0"
"109346","53","53","0"
"109347","27","0","27"
"109348","37","37","0"
"109349","36","36","0"
"109350","21","0","21"
"109352","29","0","29"
"109353","36","36","0"
"109354","28","0","28"
"109355","43","43","0"
"109356","39","39","0"
"109360","26","0","26"
"109361","40","40","0"
"109362","33","33","0"
"109364","32","0","32"
"109365","21","0","21"
"109367","24","0","24"
"109369","25","0","25"
"109371","20","0","20"
"109372","36","36","0"
"109373","40","0","40"
"109376","10","0","10"
"109378","23","0","23"
"109381","43","43","0"
"109382","37","37","0"
"109383","29","29","0"
"109385","21","0","21"
"109386","39","39","0"
"109387","16","0","16"
"109388","40","40","0"
"109391","39","39","0"
"109392","17","0","17"
"109393","29","0","29"
"109394","24","0","24"
"109395","26","0","26"
"109396","40","0","40"
"109397","35","0","35"
"109398","40","40","0"
"109399","35","35","0"
"109400","40","40","0"
"109401","30","30","0"
"109402","34","34","0"
"109403","36","36","0"
"109404","35","35","0"
"109406","27","0","27"
"109408","25","0","25"
"109409","40","40","0"
"109410","31","31","0"
"109411","36","36","0"
"109412","42","42","0"
"109414","39","39","0"
"109415","35","35","0"
"109419","26","0","26"
"109422","31","0","31"
"109423","40","40","0"
"109424","42","42","0"
"109425","26","0","26"
"109427","30","30","0"
"109428","22","0","22"
"109430","26","0","26"
"109431","45","45","0"
"109432","24","0","24"
"109433","33","0","33"
"109434","29","0","29"
"109435","39","39","0"
"109436","27","0","27"
"109437","32","32","0"
"109438","28","0","28"
"109441","35","35","0"
"109442","37","37","0"
"109443","35","35","0"
"109444","31","0","31"
"109445","28","28","0"
"109446","29","29","0"
"109447","39","39","0"
"109449","28","0","28"
"109450","36","0","36"
"109451","23","0","23"
"109452","34","34","0"
"109455","20","0","20"
"109457","23","0","23"
"109458","40","40","0"
"109459","29","0","29"
"109460","21","0","21"
"109461","40","40","0"
"109462","27","0","27"
"109465","27","0","27"
"109466","33","33","0"
"109469","36","0","36"
"109471","29","0","29"
"109473","32","32","0"
"109474","37","37","0"
"109475","37","37","0"
"109476","35","35","0"
"109477","29","29","0"
"109479","23","0","23"
"109480","23","0","23"
"109482","24","0","24"
"109483","20","0","20"
"109484","37","37","0"
"109485","24","0","24"
"109487","27","0","27"
"109490","35","35","0"
"109492","25","0","25"
"109493","34","34","0"
"109496","31","31","0"
"109497","16","0","16"
"109498","24","0","24"
"109499","24","0","24"
"109500","35","35","0"
"109501","20","0","20"
"109504","37","37","0"
"109505","40","0","40"
"109506","24","0","24"
"109507","34","0","34"
"109508","37","37","0"
"109511","39","39","0"
"109512","36","36","0"
"109513","40","40","0"
"109514","41","41","0"
"109516","25","0","25"
"109518","40","40","0"
"109519","27","0","27"
"109521","24","0","24"
"109522","43","43","0"
"109525","43","43","0"
"109526","42","42","0"
"109527","28","0","28"
"109528","35","35","0"
"109529","37","37","0"
"109531","26","0","26"
"109532","28","0","28"
"109533","31","0","31"
"109535","25","0","25"
"109536","19","0","19"
"109537","34","34","0"
"109538","34","34","0"
"109540","33","33","0"
"109541","38","38","0"
"109542","29","0","29"
"109543","22","0","22"
"109544","38","38","0"
"109545","32","32","0"
"109547","28","0","28"
"109548","32","0","32"
"109549","40","40","0"
"109550","49","49","0"
"109551","29","0","29"
"109552","42","42","0"
"109554","21","0","21"
"109555","23","0","23"
"109556","29","0","29"
"109557","36","36","0"
"109561","30","30","0"
"109562","19","0","19"
"109563","31","0","31"
"109564","13","0","13"
"109565","40","40","0"
"109568","49","49","0"
"109569","39","39","0"
"109570","31","31","0"
"109571","28","0","28"
"109572","33","0","33"
"109573","25","0","25"
"109576","29","29","0"
"109577","29","29","0"
"109578","32","0","32"
"109579","26","0","26"
"109583","46","46","0"
"109584","27","0","27"
"109586","28","0","28"
"109587","41","41","0"
"109589","33","0","33"
"109590","17","0","17"
"109591","36","0","36"
"109593","33","33","0"
"109595","25","25","0"
"109596","21","0","21"
"109597","36","36","0"
"109598","35","35","0"
"109599","41","41","0"
"109600","44","44","0"
"109602","29","29","0"
"109603","44","44","0"
"109604","33","0","33"
"109605","29","29","0"
"109606","36","0","36"
"109607","38","38","0"
"109609","23","23","0"
"109610","38","38","0"
"109611","22","0","22"
"109612","28","0","28"
"109614","26","0","26"
"109616","33","0","33"
"109617","30","30","0"
"109619","30","0","30"
"109621","39","39","0"
"109622","26","0","26"
"109623","37","37","0"
"109624","19","0","19"
"109626","28","0","28"
"109627","38","38","0"
"109628","47","47","0"
"109629","24","0","24"
"109630","34","34","0"
"109631","44","44","0"
"109633","43","43","0"
"109634","35","35","0"
"109636","25","0","25"
"109637","29","0","29"
"109639","27","0","27"
"109640","16","0","16"
"109641","34","34","0"
"109642","32","0","32"
"109644","28","28","0"
"109646","31","31","0"
"109647","32","0","32"
"109648","31","31","0"
"109650","37","37","0"
"109651","29","0","29"
"109652","35","35","0"
"109653","32","32","0"
"109655","27","27","0"
"109657","28","0","28"
"109659","29","0","29"
"109660","33","33","0"
"109662","16","0","16"
"109663","32","32","0"
"109665","27","27","0"
"109666","37","37","0"
"109668","31","0","31"
"109672","39","39","0"
"109674","17","0","17"
"109675","32","32","0"
"109676","25","0","25"
"109677","17","0","17"
"109678","33","33","0"
"109679","26","0","26"
"109680","31","0","31"
"109681","32","0","32"
"109682","29","0","29"
"109683","35","35","0"
"109685","31","0","31"
"109687","33","33","0"
"109688","31","0","31"
"109689","44","44","0"
"109690","22","0","22"
"109691","30","30","0"
"109692","35","35","0"
"109693","26","0","26"
"109695","21","0","21"
"109696","30","0","30"
"109697","26","0","26"
"109699","31","0","31"
"109705","51","51","0"
"109706","27","27","0"
"109707","22","0","22"
"109710","33","0","33"
"109714","39","39","0"
"109715","33","0","33"
"109716","38","38","0"
"109717","31","31","0"
"109719","23","0","23"
"109720","33","33","0"
"109721","29","29","0"
"109722","33","33","0"
"109723","38","38","0"
"109724","29","0","29"
"109725","15","0","15"
"109726","24","0","24"
"109727","26","0","26"
"109729","39","39","0"
"109730","23","0","23"
"109731","22","0","22"
"109732","38","0","38"
"109733","26","0","26"
"109734","22","0","22"
"109735","23","0","23"
"109737","41","41","0"
"109738","41","41","0"
"109739","31","0","31"
"109740","27","27","0"
"109742","39","39","0"
"109743","29","29","0"
"109744","43","43","0"
"109749","45","45","0"
"109750","28","28","0"
"109751","43","43","0"
"109753","26","0","26"
"109755","22","0","22"
"109757","24","0","24"
"109761","30","0","30"
"109762","35","35","0"
"109764","25","0","25"
"109765","25","0","25"
"109766","27","0","27"
"109770","18","0","18"
"109771","21","0","21"
"109772","44","44","0"
"109773","44","44","0"
"109774","27","27","0"
"109775","28","0","28"
"109776","41","41","0"
"109778","45","45","0"
"109779","43","43","0"
"109780","32","32","0"
"109782","43","43","0"
"109783","21","0","21"
"109784","32","0","32"
"109785","39","39","0"
"109787","52","52","0"
"109788","16","0","16"
"109789","37","37","0"
"109790","32","0","32"
"109791","32","32","0"
"109792","30","30","0"
"109795","27","0","27"
"109797","35","35","0"
"109798","27","27","0"
"109799","18","0","18"
"109801","39","39","0"
"109802","36","36","0"
"109803","32","32","0"
"109804","32","32","0"
"109805","33","33","0"
"109806","30","30","0"
"109807","36","36","0"
"109808","25","0","25"
"109809","32","32","0"
"109812","31","31","0"
"109813","34","34","0"
"109814","34","34","0"
"109816","33","33","0"
"109817","32","32","0"
"109819","19","0","19"
"109821","28","28","0"
"109824","26","0","26"
"109825","35","35","0"
"109827","38","38","0"
"109828","26","0","26"
"109829","27","0","27"
"109830","31","0","31"
"109831","46","46","0"
"109833","23","0","23"
"109834","25","0","25"
"109836","39","39","0"
"109837","36","36","0"
"109839","24","0","24"
"109842","36","36","0"
"109843","33","0","33"
"109844","38","38","0"
"109846","40","40","0"
"109848","43","43","0"
"109849","40","40","0"
"109851","30","0","30"
"109852","39","39","0"
"109853","25","0","25"
"109854","39","39","0"
"109855","25","25","0"
"109856","40","40","0"
"109858","37","37","0"
"109859","39","39","0"
"109860","35","35","0"
"109862","28","0","28"
"109863","31","31","0"
"109864","29","0","29"
"109866","28","0","28"
"109868","20","0","20"
"109869","25","0","25"
"109872","28","0","28"
"109873","23","0","23"
"109875","26","0","26"
"109876","40","40","0"
"109879","31","31","0"
"109880","29","0","29"
"109885","25","0","25"
"109886","25","0","25"
"109887","24","24","0"
"109888","35","35","0"
"109889","37","37","0"
"109891","45","45","0"
"109892","46","46","0"
"109893","24","0","24"
"109894","31","0","31"
"109895","30","0","30"
"109897","25","0","25"
"109899","22","0","22"
"109900","38","38","0"
"109901","34","0","34"
"109904","30","30","0"
"109905","14","0","14"
"109906","32","0","32"
"109907","20","0","20"
"109909","33","0","33"
"109910","34","0","34"
"109911","30","30","0"
"109912","21","0","21"
"109913","51","51","0"
"109914","32","32","0"
"109915","24","0","24"
"109917","43","43","0"
"109919","23","0","23"
"109921","26","0","26"
"109924","31","0","31"
"109927","31","0","31"
"109929","26","0","26"
"109930","27","27","0"
"109932","30","0","30"
"109933","23","0","23"
"109934","38","0","38"
"109935","35","35","0"
"109939","34","34","0"
"109940","28","28","0"
"109942","45","45","0"
"109943","22","0","22"
"109944","38","38","0"
"109945","18","0","18"
"109946","35","35","0"
"109948","39","39","0"
"109949","38","38","0"
"109950","35","35","0"
"109951","31","0","31"
"109953","44","44","0"
"109955","34","0","34"
"109956","28","0","28"
"109957","18","0","18"
"109958","43","43","0"
"109959","39","39","0"
"109961","43","43","0"
"109962","32","0","32"
"109963","50","50","0"
"109965","25","0","25"
"109966","35","35","0"
"109967","26","0","26"
"109968","22","0","22"
"109969","26","0","26"
"109970","23","0","23"
"109973","24","24","0"
"109974","16","0","16"
"109975","36","36","0"
"109976","32","32","0"
"109977","35","0","35"
"109978","34","0","34"
"109979","26","26","0"
"109980","43","43","0"
"109982","27","27","0"
"109983","29","0","29"
"109984","41","41","0"
"109985","26","0","26"
"109987","24","0","24"
"109988","35","35","0"
"109990","41","41","0"
"109991","32","0","32"
"109993","35","35","0"
"109996","33","0","33"
"109997","37","37","0"
"109998","47","47","0"
"109999","19","0","19"
"110000","32","32","0"
"110002","25","0","25"
"110003","25","25","0"
"110004","39","39","0"
"110006","37","37","0"
"110007","35","0","35"
"110009","23","0","23"
"110010","22","22","0"
"110013","32","32","0"
"110014","31","31","0"
"110015","26","26","0"
"110016","28","0","28"
"110017","37","37","0"
"110018","37","0","37"
"110021","34","34","0"
"110022","31","0","31"
"110023","29","29","0"
"110024","27","0","27"
"110025","21","0","21"
"110026","38","38","0"
"110027","42","42","0"
"110029","34","0","34"
"110030","39","39","0"
"110031","48","48","0"
"110032","32","32","0"
"110034","32","32","0"
"110036","31","0","31"
"110037","45","45","0"
"110038","44","44","0"
"110040","23","23","0"
"110041","34","34","0"
"110043","18","0","18"
"110044","23","0","23"
"110046","44","44","0"
"110048","26","0","26"
"110049","24","0","24"
"110050","22","0","22"
"110052","28","0","28"
"110053","26","0","26"
"110056","27","0","27"
"110057","38","38","0"
"110059","29","0","29"
"110060","25","0","25"
"110061","40","40","0"
"110062","30","0","30"
"110063","26","0","26"
"110064","27","0","27"
"110066","47","47","0"
"110067","24","0","24"
"110068","22","0","22"
"110069","29","0","29"
"110070","35","35","0"
"110071","21","0","21"
"110075","24","0","24"
"110076","25","0","25"
"110077","37","0","37"
"110078","45","0","45"
"110081","46","46","0"
"110082","36","36","0"
"110083","26","0","26"
"110084","30","0","30"
"110086","25","0","25"
"110087","29","29","0"
"110088","27","27","0"
"110089","23","0","23"
"110090","37","37","0"
"110093","32","32","0"
"110094","22","0","22"
"110096","40","40","0"
"110098","27","0","27"
"110099","29","0","29"
"110100","33","33","0"
"110101","40","40","0"
"110102","23","0","23"
"110103","40","40","0"
"110104","26","0","26"
"110105","21","0","21"
"110106","38","38","0"
"110107","42","42","0"
"110110","32","0","32"
"110112","28","0","28"
"110113","32","0","32"
"110114","20","0","20"
"110115","35","35","0"
"110116","27","27","0"
"110117","21","0","21"
"110118","48","48","0"
"110119","41","41","0"
"110120","36","36","0"
"110121","34","0","34"
"110125","51","51","0"
"110127","43","43","0"
"110128","25","0","25"
"110130","44","44","0"
"110131","30","30","0"
"110133","49","49","0"
"110134","32","0","32"
"110136","20","0","20"
"110137","37","0","37"
"110139","34","34","0"
"110140","25","0","25"
"110141","43","43","0"
"110142","40","40","0"
"110143","28","0","28"
"110144","26","26","0"
"110145","41","41","0"
"110147","27","0","27"
"110148","35","0","35"
"110150","23","23","0"
"110151","29","0","29"
"110153","46","46","0"
"110154","40","40","0"
"110156","35","0","35"
"110160","31","0","31"
"110161","28","28","0"
"110162","22","0","22"
"110163","26","26","0"
"110164","33","33","0"
"110166","31","0","31"
"110169","17","0","17"
"110171","44","44","0"
"110172","44","44","0"
"110174","29","29","0"
"110176","25","0","25"
"110178","48","48","0"
"110180","36","36","0"
"110181","42","42","0"
"110182","19","0","19"
"110183","29","29","0"
"110184","20","0","20"
"110185","35","35","0"
"110186","44","44","0"
"110187","47","47","0"
"110188","34","34","0"
"110189","16","16","0"
"110191","33","33","0"
"110192","32","32","0"
"110193","28","0","28"
"110194","31","0","31"
"110195","24","0","24"
"110196","27","0","27"
"110197","17","0","17"
"110199","44","44","0"
"110200","42","42","0"
"110201","17","0","17"
"110202","38","38","0"
"110204","31","0","31"
"110206","31","0","31"
"110207","32","0","32"
"110208","24","24","0"
"110212","33","0","33"
"110214","26","0","26"
"110215","27","0","27"
"110216","38","38","0"
"110217","39","39","0"
"110218","34","0","34"
"110219","28","0","28"
"110220","39","39","0"
"110222","26","0","26"
"110223","39","39","0"
"110224","29","0","29"
"110225","34","34","0"
"110227","28","0","28"
"110228","34","0","34"
"110230","18","0","18"
"110231","37","37","0"
"110232","21","0","21"
"110233","22","0","22"
"110234","32","0","32"
"110235","35","35","0"
"110236","34","34","0"
"110237","21","0","21"
"110238","44","44","0"
"110239","39","39","0"
"110240","36","36","0"
"110241","39","39","0"
"110242","43","43","0"
"110244","19","0","19"
"110246","21","0","21"
"110248","25","0","25"
"110250","42","42","0"
"110252","25","0","25"
"110253","37","37","0"
"110254","36","36","0"
"110255","20","0","20"
"110256","36","0","36"
"110257","34","34","0"
"110258","43","43","0"
"110259","24","0","24"
"110260","42","42","0"
"110261","33","0","33"
"110262","33","33","0"
"110263","22","0","22"
"110264","35","35","0"
"110265","41","41","0"
"110267","27","0","27"
"110268","36","36","0"
"110270","25","0","25"
"110271","29","29","0"
"110272","27","0","27"
"110273","17","0","17"
"110275","36","36","0"
"110276","37","37","0"
"110277","30","30","0"
"110278","32","32","0"
"110279","25","0","25"
"110280","39","39","0"
"110281","25","0","25"
"110282","23","0","23"
"110283","37","37","0"
"110284","30","30","0"
"110285","36","0","36"
"110286","39","39","0"
"110287","30","0","30"
"110288","28","0","28"
"110289","31","31","0"
"110290","34","34","0"
"110291","38","38","0"
"110293","25","0","25"
"110294","39","39","0"
"110296","21","0","21"
"110299","35","35","0"
"110300","26","26","0"
"110303","33","0","33"
"110304","38","0","38"
"110305","23","23","0"
"110307","36","36","0"
"110308","14","0","14"
"110312","25","25","0"
"110313","37","37","0"
"110314","19","0","19"
"110315","19","0","19"
"110316","31","31","0"
"110319","29","29","0"
"110320","32","0","32"
"110321","31","31","0"
"110323","38","0","38"
"110324","36","36","0"
"110325","24","0","24"
"110326","42","42","0"
"110327","32","0","32"
"110328","32","0","32"
"110329","29","0","29"
"110330","24","0","24"
"110331","37","37","0"
"110332","31","31","0"
"110334","15","0","15"
"110335","38","38","0"
"110336","27","0","27"
"110337","33","33","0"
"110338","42","42","0"
"110339","23","0","23"
"110340","26","0","26"
"110342","28","0","28"
"110343","35","35","0"
"110344","30","0","30"
"110347","23","0","23"
"110348","19","0","19"
"110351","20","0","20"
"110352","23","0","23"
"110353","31","0","31"
"110354","21","0","21"
"110355","26","0","26"
"110356","28","0","28"
"110357","40","40","0"
"110359","26","0","26"
"110360","24","0","24"
"110362","23","0","23"
"110363","25","0","25"
"110367","40","40","0"
"110368","27","0","27"
"110370","33","33","0"
"110371","22","0","22"
"110373","38","38","0"
"110374","38","38","0"
"110375","23","0","23"
"110376","39","39","0"
"110377","32","32","0"
"110378","25","0","25"
"110381","24","0","24"
"110382","23","0","23"
"110383","40","40","0"
"110385","31","31","0"
"110386","22","0","22"
"110387","22","0","22"
"110388","32","32","0"
"110390","24","0","24"
"110392","21","0","21"
"110393","17","0","17"
"110394","28","28","0"
"110395","24","0","24"
"110396","34","34","0"
"110397","37","37","0"
"110398","41","41","0"
"110399","32","32","0"
"110400","38","38","0"
"110401","26","0","26"
"110402","33","33","0"
"110405","17","0","17"
"110407","31","31","0"
"110408","31","31","0"
"110409","28","28","0"
"110411","29","0","29"
"110412","29","0","29"
"110413","32","0","32"
"110415","32","32","0"
"110417","47","47","0"
"110418","28","0","28"
"110419","30","0","30"
"110421","27","27","0"
"110423","28","0","28"
"110424","29","0","29"
"110426","35","35","0"
"110428","31","0","31"
"110430","47","47","0"
"110431","34","0","34"
"110432","29","0","29"
"110434","28","28","0"
"110435","38","38","0"
"110436","38","38","0"
"110437","30","0","30"
"110438","22","0","22"
"110440","47","47","0"
"110441","37","37","0"
"110442","31","31","0"
"110443","24","0","24"
"110444","45","45","0"
"110445","39","39","0"
"110446","39","39","0"
"110447","23","0","23"
"110448","37","37","0"
"110449","39","39","0"
"110450","31","31","0"
"110451","29","0","29"
"110453","34","0","34"
"110454","41","41","0"
"110455","31","0","31"
"110456","39","39","0"
"110458","34","34","0"
"110459","24","0","24"
"110460","43","43","0"
"110462","32","32","0"
"110464","31","0","31"
"110465","41","41","0"
"110467","26","0","26"
"110468","41","0","41"
"110470","22","0","22"
"110471","38","38","0"
"110472","33","0","33"
"110473","27","0","27"
"110474","41","41","0"
"110475","26","0","26"
"110476","35","0","35"
"110477","29","0","29"
"110478","32","32","0"
"110479","33","33","0"
"110480","32","0","32"
"110484","18","0","18"
"110486","26","0","26"
"110487","26","0","26"
"110488","46","46","0"
"110489","23","23","0"
"110490","27","0","27"
"110491","42","42","0"
"110492","22","0","22"
"110493","31","0","31"
"110494","35","35","0"
"110495","31","31","0"
"110497","30","0","30"
"110498","25","0","25"
"110499","34","34","0"
"110503","39","39","0"
"110505","35","35","0"
"110506","28","0","28"
"110507","19","0","19"
"110508","33","0","33"
"110509","24","0","24"
"110511","23","0","23"
"110512","19","0","19"
"110513","39","39","0"
"110516","20","0","20"
"110518","21","0","21"
"110519","45","45","0"
"110520","30","0","30"
"110521","39","39","0"
"110523","23","0","23"
"110524","36","36","0"
"110526","30","30","0"
"110528","24","0","24"
"110529","27","0","27"
"110530","22","0","22"
"110532","39","39","0"
"110533","29","0","29"
"110534","39","39","0"
"110535","42","0","42"
"110536","22","0","22"
"110537","47","47","0"
"110540","36","36","0"
"110541","28","0","28"
"110542","28","0","28"
"110543","37","37","0"
"110545","39","0","39"
"110546","24","0","24"
"110548","42","42","0"
"110549","21","0","21"
"110550","32","0","32"
"110551","29","0","29"
"110552","37","37","0"
"110553","43","43","0"
"110554","28","0","28"
"110556","27","0","27"
"110558","33","0","33"
"110561","28","28","0"
"110562","35","0","35"
"110563","33","33","0"
"110565","46","46","0"
"110567","51","51","0"
"110568","22","0","22"
"110569","31","31","0"
"110571","35","35","0"
"110573","30","0","30"
"110575","35","35","0"
"110579","32","0","32"
"110580","31","0","31"
"110583","33","33","0"
"110584","29","29","0"
"110585","27","0","27"
"110587","32","0","32"
"110589","29","0","29"
"110590","36","36","0"
"110591","41","41","0"
"110592","27","0","27"
"110594","43","43","0"
"110596","49","49","0"
"110597","40","40","0"
"110598","33","0","33"
"110600","38","38","0"
"110602","42","42","0"
"110604","31","31","0"
"110605","33","33","0"
"110606","34","34","0"
"110607","29","0","29"
"110608","39","39","0"
"110610","21","0","21"
"110615","30","0","30"
"110617","38","38","0"
"110618","37","37","0"
"110619","23","0","23"
"110620","28","0","28"
"110622","45","45","0"
"110625","24","0","24"
"110626","24","0","24"
"110627","46","46","0"
"110628","31","0","31"
"110630","34","34","0"
"110634","40","40","0"
"110635","29","0","29"
"110637","23","0","23"
"110639","41","41","0"
"110641","24","24","0"
"110642","24","0","24"
"110643","36","36","0"
"110644","44","44","0"
"110645","42","42","0"
"110648","38","38","0"
"110650","22","0","22"
"110652","25","0","25"
"110653","29","0","29"
"110655","29","29","0"
"110658","35","35","0"
"110659","42","42","0"
"110660","31","0","31"
"110661","36","36","0"
"110663","36","36","0"
"110664","38","38","0"
"110665","29","29","0"
"110666","39","39","0"
"110667","23","0","23"
"110668","27","0","27"
"110669","36","36","0"
"110672","40","40","0"
"110674","32","0","32"
"110675","28","28","0"
"110677","24","0","24"
"110678","40","40","0"
"110679","19","0","19"
"110680","31","31","0"
"110681","35","35","0"
"110683","35","35","0"
"110684","39","39","0"
"110689","28","0","28"
"110690","20","0","20"
"110691","43","43","0"
"110692","27","27","0"
"110693","26","0","26"
"110694","27","27","0"
"110697","40","40","0"
"110698","36","36","0"
"110699","37","37","0"
"110700","21","0","21"
"110701","30","0","30"
"110702","35","0","35"
"110703","21","0","21"
"110704","33","33","0"
"110706","25","0","25"
"110707","32","32","0"
"110708","31","31","0"
"110710","32","32","0"
"110712","29","0","29"
"110713","36","36","0"
"110716","25","25","0"
"110717","29","29","0"
"110721","43","43","0"
"110722","18","0","18"
"110723","32","32","0"
"110726","16","0","16"
"110727","22","0","22"
"110728","27","0","27"
"110729","17","0","17"
"110733","21","0","21"
"110734","20","0","20"
"110735","21","0","21"
"110737","34","0","34"
"110738","28","0","28"
"110739","28","0","28"
"110740","25","25","0"
"110742","32","32","0"
"110743","38","38","0"
"110744","33","33","0"
"110745","41","41","0"
"110746","24","0","24"
"110749","33","0","33"
"110750","29","0","29"
"110751","34","34","0"
"110752","35","0","35"
"110754","41","41","0"
"110755","25","0","25"
"110756","25","0","25"
"110758","28","28","0"
"110760","23","0","23"
"110761","21","0","21"
"110763","33","33","0"
"110765","26","0","26"
"110767","22","0","22"
"110768","28","28","0"
"110769","49","49","0"
"110770","24","0","24"
"110773","25","0","25"
"110774","18","0","18"
"110775","35","35","0"
"110776","36","36","0"
"110778","46","46","0"
"110781","22","0","22"
"110783","32","0","32"
"110785","41","41","0"
"110787","24","0","24"
"110789","39","39","0"
"110793","38","38","0"
"110795","40","0","40"
"110796","44","44","0"
"110797","41","41","0"
"110798","25","0","25"
"110799","42","42","0"
"110800","56","56","0"
"110802","25","0","25"
"110804","30","0","30"
"110805","37","0","37"
"110806","46","46","0"
"110808","32","32","0"
"110809","25","0","25"
"110812","22","0","22"
"110813","33","33","0"
"110814","20","0","20"
"110815","31","31","0"
"110816","41","41","0"
"110817","23","0","23"
"110820","35","35","0"
"110822","19","0","19"
"110826","28","28","0"
"110827","42","42","0"
"110828","32","0","32"
"110829","32","0","32"
"110830","35","35","0"
"110831","30","0","30"
"110832","25","0","25"
"110834","24","0","24"
"110835","24","0","24"
"110838","31","31","0"
"110839","25","0","25"
"110840","21","0","21"
"110841","27","0","27"
"110847","29","0","29"
"110848","25","0","25"
"110849","40","40","0"
"110851","37","37","0"
"110853","28","0","28"
"110857","26","0","26"
"110859","34","0","34"
"110860","40","40","0"
"110862","25","0","25"
"110863","29","0","29"
"110864","17","0","17"
"110865","37","37","0"
"110866","25","0","25"
"110867","38","38","0"
"110868","29","0","29"
"110869","16","0","16"
"110870","42","42","0"
"110871","25","0","25"
"110872","36","36","0"
"110876","43","43","0"
"110877","45","45","0"
"110878","19","0","19"
"110879","43","43","0"
"110880","24","0","24"
"110881","26","0","26"
"110884","34","34","0"
"110885","17","0","17"
"110888","35","35","0"
"110889","45","45","0"
"110890","19","0","19"
"110892","22","0","22"
"110893","25","0","25"
"110894","25","25","0"
"110896","21","0","21"
"110897","25","0","25"
"110898","29","0","29"
"110899","38","0","38"
"110900","29","0","29"
"110901","35","35","0"
"110902","20","0","20"
"110903","36","0","36"
"110904","23","0","23"
"110906","36","36","0"
"110907","22","0","22"
"110909","37","0","37"
"110910","23","0","23"
"110911","32","32","0"
"110912","23","0","23"
"110913","40","40","0"
"110918","39","39","0"
"110919","36","36","0"
"110920","41","41","0"
"110923","47","47","0"
"110924","31","0","31"
"110925","31","31","0"
"110926","28","0","28"
"110927","38","38","0"
"110928","44","44","0"
"110931","35","35","0"
"110932","41","41","0"
"110935","27","0","27"
"110936","31","0","31"
"110938","16","0","16"
"110940","24","0","24"
"110942","39","39","0"
"110943","26","26","0"
"110944","25","0","25"
"110945","38","38","0"
"110946","33","33","0"
"110947","41","41","0"
"110948","33","0","33"
"110949","22","0","22"
"110950","27","0","27"
"110951","33","0","33"
"110952","37","37","0"
"110953","30","30","0"
"110954","25","0","25"
"110955","29","29","0"
"110956","33","33","0"
"110957","34","34","0"
"110959","34","0","34"
"110960","42","42","0"
"110962","21","0","21"
"110964","25","25","0"
"110965","37","37","0"
"110966","40","40","0"
"110967","30","0","30"
"110969","31","31","0"
"110971","32","0","32"
"110972","42","0","42"
"110973","32","32","0"
"110974","27","0","27"
"110975","33","33","0"
"110977","27","27","0"
"110978","40","40","0"
"110980","40","40","0"
"110985","27","27","0"
"110986","21","0","21"
"110987","23","0","23"
"110988","23","0","23"
"110989","32","32","0"
"110991","39","39","0"
"110992","31","0","31"
"110993","30","30","0"
"110994","26","0","26"
"110996","38","0","38"
"110997","24","0","24"
"110998","15","0","15"
"110999","28","0","28"
"111000","33","33","0"
"111001","31","31","0"
"111003","49","49","0"
"111004","38","38","0"
"111005","28","0","28"
"111006","38","38","0"
"111008","25","0","25"
"111009","33","0","33"
"111010","23","0","23"
"111012","28","28","0"
"111013","47","0","47"
"111016","29","0","29"
"111017","50","50","0"
"111018","39","39","0"
"111019","21","0","21"
"111021","36","36","0"
"111023","20","0","20"
"111024","35","35","0"
"111026","38","38","0"
"111027","34","34","0"
"111028","30","30","0"
"111029","41","0","41"
"111030","29","0","29"
"111031","35","35","0"
"111032","21","0","21"
"111033","25","0","25"
"111034","40","40","0"
"111035","22","0","22"
"111037","25","0","25"
"111038","17","0","17"
"111039","35","35","0"
"111041","30","30","0"
"111042","32","0","32"
"111044","22","0","22"
"111045","31","31","0"
"111048","39","39","0"
"111051","32","0","32"
"111052","33","33","0"
"111053","37","37","0"
"111054","37","37","0"
"111055","37","37","0"
"111056","25","0","25"
"111057","30","0","30"
"111058","24","0","24"
"111064","40","40","0"
"111065","35","0","35"
"111067","42","42","0"
"111069","38","38","0"
"111070","29","29","0"
"111071","40","40","0"
"111075","23","0","23"
"111076","37","37","0"
"111079","28","0","28"
"111080","53","53","0"
"111081","46","46","0"
"111082","28","0","28"
"111083","54","54","0"
"111084","23","0","23"
"111085","38","0","38"
"111087","28","0","28"
"111089","33","33","0"
"111090","28","0","28"
"111091","25","0","25"
"111092","26","0","26"
"111093","32","0","32"
"111094","22","0","22"
"111096","38","38","0"
"111097","33","33","0"
"111098","29","0","29"
"111099","34","34","0"
"111100","36","36","0"
"111101","29","29","0"
"111102","37","37","0"
"111103","32","32","0"
"111104","25","0","25"
"111105","42","42","0"
"111107","25","25","0"
"111108","33","0","33"
"111109","36","0","36"
"111110","35","35","0"
"111112","41","41","0"
"111113","19","0","19"
"111114","28","0","28"
"111115","38","38","0"
"111116","20","0","20"
"111117","27","0","27"
"111118","25","0","25"
"111120","28","0","28"
"111121","35","35","0"
"111123","24","0","24"
"111124","37","37","0"
"111125","25","0","25"
"111126","32","32","0"
"111127","26","0","26"
"111130","42","42","0"
"111131","26","0","26"
"111136","19","0","19"
"111137","36","36","0"
"111139","31","0","31"
"111144","29","29","0"
"111145","26","0","26"
"111146","18","0","18"
"111147","17","0","17"
"111148","38","38","0"
"111150","35","35","0"
"111151","28","28","0"
"111152","27","0","27"
"111154","38","38","0"
"111155","31","0","31"
"111156","39","39","0"
"111157","17","0","17"
"111158","28","0","28"
"111159","33","33","0"
"111162","32","32","0"
"111163","30","0","30"
"111164","32","0","32"
"111165","45","45","0"
"111168","30","0","30"
"111169","28","0","28"
"111170","38","38","0"
"111171","21","0","21"
"111172","35","35","0"
"111175","23","0","23"
"111176","23","0","23"
"111177","24","0","24"
"111178","23","0","23"
"111179","37","37","0"
"111180","30","0","30"
"111182","23","0","23"
"111183","31","0","31"
"111184","34","34","0"
"111185","40","40","0"
"111186","27","27","0"
"111188","27","0","27"
"111189","25","0","25"
"111190","27","27","0"
"111193","33","0","33"
"111194","39","39","0"
"111195","31","31","0"
"111197","25","0","25"
"111198","45","45","0"
"111199","30","0","30"
"111200","28","0","28"
"111201","21","0","21"
"111202","29","29","0"
"111203","41","41","0"
"111204","23","23","0"
"111205","23","0","23"
"111207","40","40","0"
"111209","33","0","33"
"111210","41","41","0"
"111211","35","35","0"
"111212","16","0","16"
"111214","37","37","0"
"111216","28","28","0"
"111217","40","40","0"
"111220","40","40","0"
"111222","31","0","31"
"111223","37","0","37"
"111224","34","34","0"
"111225","27","0","27"
"111227","32","32","0"
"111230","27","0","27"
"111232","34","0","34"
"111233","33","33","0"
"111234","38","38","0"
"111236","37","0","37"
"111237","15","0","15"
"111238","35","35","0"
"111239","25","0","25"
"111241","31","0","31"
"111242","34","34","0"
"111244","42","42","0"
"111245","31","31","0"
"111246","21","0","21"
"111247","30","30","0"
"111248","24","0","24"
"111249","47","47","0"
"111251","23","0","23"
"111253","27","0","27"
"111254","39","39","0"
"111255","38","38","0"
"111257","20","0","20"
"111259","24","0","24"
"111260","34","0","34"
"111261","19","0","19"
"111262","33","33","0"
"111263","34","34","0"
"111264","31","0","31"
"111267","32","0","32"
"111268","27","27","0"
"111269","21","21","0"
"111270","37","37","0"
"111271","31","0","31"
"111272","24","0","24"
"111273","34","34","0"
"111274","33","33","0"
"111278","35","35","0"
"111279","46","46","0"
"111283","37","37","0"
"111284","35","35","0"
"111285","26","0","26"
"111288","21","0","21"
"111289","27","27","0"
"111291","21","0","21"
"111292","29","0","29"
"111293","36","36","0"
"111295","35","35","0"
"111299","39","39","0"
"111300","29","29","0"
"111302","43","43","0"
"111305","34","0","34"
"111306","37","37","0"
"111307","25","0","25"
"111308","36","36","0"
"111309","41","41","0"
"111310","27","27","0"
"111311","34","0","34"
"111312","26","0","26"
"111314","45","45","0"
"111317","23","0","23"
"111318","35","35","0"
"111319","30","30","0"
"111320","44","44","0"
"111321","14","0","14"
"111322","17","0","17"
"111323","33","33","0"
"111324","32","0","32"
"111325","26","26","0"
"111327","35","35","0"
"111328","32","32","0"
"111330","27","0","27"
"111332","48","48","0"
"111333","34","34","0"
"111334","26","0","26"
"111335","30","30","0"
"111336","26","0","26"
"111338","49","49","0"
"111339","38","38","0"
"111340","31","0","31"
"111341","30","30","0"
"111342","28","0","28"
"111343","32","32","0"
"111344","27","0","27"
"111345","23","0","23"
"111346","41","41","0"
"111347","34","34","0"
"111349","35","35","0"
"111351","29","0","29"
"111352","18","0","18"
"111354","37","37","0"
"111355","22","0","22"
"111356","34","0","34"
"111357","38","38","0"
"111358","34","0","34"
"111361","36","36","0"
"111363","25","0","25"
"111364","40","40","0"
"111365","24","0","24"
"111366","20","0","20"
"111368","29","0","29"
"111369","18","0","18"
"111370","35","0","35"
"111371","35","35","0"
"111372","42","42","0"
"111373","33","33","0"
"111374","28","0","28"
"111382","34","0","34"
"111383","19","0","19"
"111385","39","39","0"
"111386","30","30","0"
"111387","24","0","24"
"111388","37","37","0"
"111389","24","0","24"
"111390","29","0","29"
"111391","25","0","25"
"111392","22","0","22"
"111393","30","0","30"
"111394","37","37","0"
"111395","35","35","0"
"111396","17","0","17"
"111398","29","29","0"
"111401","29","29","0"
"111402","25","0","25"
"111403","37","37","0"
"111404","42","42","0"
"111405","37","37","0"
"111406","28","0","28"
"111407","23","0","23"
"111410","24","0","24"
"111411","31","0","31"
"111414","38","38","0"
"111417","39","39","0"
"111418","19","0","19"
"111419","29","0","29"
"111421","25","0","25"
"111422","22","0","22"
"111423","34","34","0"
"111424","26","0","26"
"111426","26","0","26"
"111428","20","0","20"
"111429","25","0","25"
"111430","39","39","0"
"111431","35","35","0"
"111432","28","0","28"
"111434","21","0","21"
"111436","24","0","24"
"111437","42","42","0"
"111438","35","35","0"
"111439","51","51","0"
"111440","26","0","26"
"111442","29","0","29"
"111443","33","33","0"
"111444","40","40","0"
"111445","30","30","0"
"111447","31","31","0"
"111448","31","0","31"
"111449","15","0","15"
"111450","34","34","0"
"111451","35","35","0"
"111456","35","35","0"
"111457","33","33","0"
"111458","32","32","0"
"111459","27","0","27"
"111460","27","0","27"
"111461","36","36","0"
"111463","40","40","0"
"111464","38","38","0"
"111466","43","43","0"
"111467","25","0","25"
"111468","36","36","0"
"111470","41","41","0"
"111471","34","34","0"
"111472","26","0","26"
"111474","35","35","0"
"111477","30","0","30"
"111478","25","0","25"
"111479","41","41","0"
"111485","19","0","19"
"111487","29","29","0"
"111488","33","0","33"
"111489","36","0","36"
"111490","21","21","0"
"111491","33","0","33"
"111493","34","0","34"
"111495","30","30","0"
"111496","42","42","0"
"111499","24","0","24"
"111500","26","0","26"
"111502","31","31","0"
"111504","32","0","32"
"111505","27","0","27"
"111506","22","0","22"
"111507","29","29","0"
"111508","46","46","0"
"111510","22","0","22"
"111512","41","41","0"
"111513","31","0","31"
"111514","31","0","31"
"111515","36","36","0"
"111516","41","41","0"
"111517","31","0","31"
"111519","24","0","24"
"111520","20","0","20"
"111521","35","35","0"
"111523","25","0","25"
"111524","30","0","30"
"111525","36","36","0"
"111526","27","0","27"
"111527","37","37","0"
"111529","35","35","0"
"111532","20","0","20"
"111533","31","0","31"
"111534","32","32","0"
"111535","39","39","0"
"111536","37","37","0"
"111538","31","31","0"
"111539","29","0","29"
"111540","37","37","0"
"111541","28","0","28"
"111542","36","36","0"
"111543","42","42","0"
"111545","23","0","23"
"111547","31","0","31"
"111549","34","34","0"
"111551","32","0","32"
"111553","33","33","0"
"111554","40","40","0"
"111555","27","0","27"
"111556","27","0","27"
"111557","58","58","0"
"111558","19","0","19"
"111559","20","20","0"
"111560","20","0","20"
"111561","24","0","24"
"111562","28","0","28"
"111563","32","0","32"
"111564","24","0","24"
"111566","34","34","0"
"111567","21","0","21"
"111569","25","0","25"
"111570","45","45","0"
"111571","28","0","28"
"111572","36","0","36"
"111573","18","0","18"
"111574","31","31","0"
"111575","35","35","0"
"111576","27","0","27"
"111577","22","0","22"
"111578","22","0","22"
"111579","29","0","29"
"111580","32","32","0"
"111581","36","36","0"
"111582","40","0","40"
"111584","26","0","26"
"111585","50","50","0"
"111586","27","0","27"
"111588","37","0","37"
"111589","31","0","31"
"111591","26","0","26"
"111592","41","41","0"
"111593","39","39","0"
"111594","36","0","36"
"111595","31","0","31"
"111596","32","32","0"
"111597","26","26","0"
"111598","38","38","0"
"111600","26","0","26"
"111601","37","37","0"
"111602","30","0","30"
"111603","35","0","35"
"111604","27","0","27"
"111605","39","39","0"
"111606","32","32","0"
"111607","20","20","0"
"111609","36","0","36"
"111612","36","36","0"
"111613","26","26","0"
"111614","22","0","22"
"111615","30","30","0"
"111616","31","31","0"
"111617","36","0","36"
"111618","31","0","31"
"111619","33","0","33"
"111620","26","0","26"
"111621","34","34","0"
"111623","28","0","28"
"111625","23","0","23"
"111626","34","34","0"
"111627","24","0","24"
"111628","26","26","0"
"111629","45","45","0"
"111630","20","0","20"
"111631","27","0","27"
"111633","31","31","0"
"111634","20","0","20"
"111635","29","29","0"
"111637","32","32","0"
"111638","26","0","26"
"111639","33","33","0"
"111640","22","0","22"
"111641","35","35","0"
"111643","29","29","0"
"111644","33","33","0"
"111645","31","0","31"
"111646","27","27","0"
"111647","41","41","0"
"111648","26","0","26"
"111649","23","0","23"
"111653","25","25","0"
"111654","20","0","20"
"111656","38","38","0"
"111657","26","0","26"
"111658","19","0","19"
"111659","36","36","0"
"111663","22","0","22"
"111664","28","0","28"
"111665","41","41","0"
"111666","25","25","0"
"111667","34","0","34"
"111668","28","0","28"
"111669","26","26","0"
"111670","34","34","0"
"111672","19","0","19"
"111674","27","0","27"
"111675","43","43","0"
"111676","22","0","22"
"111677","23","0","23"
"111679","39","39","0"
"111680","18","0","18"
"111681","33","33","0"
"111682","44","44","0"
"111683","29","0","29"
"111685","17","0","17"
"111686","25","0","25"
"111687","36","36","0"
"111688","27","0","27"
"111689","40","40","0"
"111690","38","38","0"
"111691","23","0","23"
"111693","47","47","0"
"111694","33","33","0"
"111695","31","31","0"
"111696","33","33","0"
"111697","33","0","33"
"111699","34","34","0"
"111701","39","39","0"
"111703","25","0","25"
"111704","26","0","26"
"111705","49","49","0"
"111706","24","0","24"
"111707","39","39","0"
"111708","30","0","30"
"111710","44","44","0"
"111712","36","0","36"
"111713","38","38","0"
"111714","22","0","22"
"111715","37","37","0"
"111716","45","45","0"
"111717","29","29","0"
"111718","30","0","30"
"111722","21","0","21"
"111725","35","35","0"
"111727","39","39","0"
"111729","32","32","0"
"111730","37","37","0"
"111731","40","40","0"
"111733","28","0","28"
"111734","17","0","17"
"111735","33","33","0"
"111736","39","39","0"
"111737","27","0","27"
"111738","27","27","0"
"111739","43","43","0"
"111740","22","0","22"
"111742","27","0","27"
"111744","20","0","20"
"111745","43","43","0"
"111746","28","0","28"
"111747","38","38","0"
"111750","39","39","0"
"111752","28","0","28"
"111753","31","31","0"
"111754","32","32","0"
"111755","34","0","34"
"111757","29","0","29"
"111758","36","36","0"
"111759","28","0","28"
"111761","34","34","0"
"111763","20","0","20"
"111765","54","54","0"
"111766","31","0","31"
"111767","32","32","0"
"111768","36","36","0"
"111769","24","0","24"
"111770","24","0","24"
"111772","37","37","0"
"111773","21","0","21"
"111774","28","28","0"
"111775","52","52","0"
"111776","35","35","0"
"111778","38","38","0"
"111779","22","0","22"
"111780","35","35","0"
"111781","22","0","22"
"111782","36","36","0"
"111783","34","34","0"
"111785","31","31","0"
"111786","33","33","0"
"111788","16","0","16"
"111789","31","0","31"
"111790","24","0","24"
"111792","33","0","33"
"111793","24","0","24"
"111794","21","0","21"
"111795","21","0","21"
"111796","23","23","0"
"111797","46","46","0"
"111798","33","33","0"
"111799","33","33","0"
"111804","40","0","40"
"111805","38","38","0"
"111807","25","0","25"
"111809","31","0","31"
"111810","46","46","0"
"111812","33","33","0"
"111813","31","0","31"
"111814","27","27","0"
"111815","28","0","28"
"111818","26","0","26"
"111819","30","0","30"
"111821","26","26","0"
"111822","31","31","0"
"111823","33","33","0"
"111824","20","0","20"
"111825","34","34","0"
"111826","30","0","30"
"111827","43","43","0"
"111828","34","0","34"
"111829","24","0","24"
"111832","41","41","0"
"111834","28","0","28"
"111836","36","36","0"
"111837","31","0","31"
"111838","25","0","25"
"111839","31","31","0"
"111841","24","0","24"
"111842","35","35","0"
"111843","23","0","23"
"111845","48","48","0"
"111846","40","40","0"
"111847","23","0","23"
"111848","27","27","0"
"111851","40","40","0"
"111852","23","0","23"
"111854","33","33","0"
"111856","24","0","24"
"111857","36","36","0"
"111859","22","0","22"
"111860","25","0","25"
"111862","44","44","0"
"111865","28","0","28"
"111866","21","0","21"
"111867","30","0","30"
"111868","27","0","27"
"111872","23","0","23"
"111874","35","35","0"
"111875","37","37","0"
"111878","20","0","20"
"111879","33","33","0"
"111880","34","34","0"
"111882","24","0","24"
"111883","35","35","0"
"111885","28","0","28"
"111886","35","35","0"
"111887","29","29","0"
"111888","27","0","27"
"111889","27","0","27"
"111890","43","43","0"
"111891","41","41","0"
"111893","45","45","0"
"111894","26","0","26"
"111895","36","0","36"
"111897","27","0","27"
"111899","35","35","0"
"111900","21","0","21"
"111901","33","33","0"
"111902","52","52","0"
"111904","38","38","0"
"111906","29","0","29"
"111910","28","0","28"
"111912","47","47","0"
"111914","34","0","34"
"111915","23","0","23"
"111916","35","35","0"
"111917","33","0","33"
"111918","22","0","22"
"111919","17","0","17"
"111920","32","32","0"
"111922","27","27","0"
"111923","27","0","27"
"111924","34","34","0"
"111925","33","33","0"
"111926","43","43","0"
"111927","47","47","0"
"111928","18","0","18"
"111929","36","36","0"
"111930","48","48","0"
"111931","48","48","0"
"111932","38","38","0"
"111933","38","38","0"
"111934","27","27","0"
"111935","37","0","37"
"111936","32","0","32"
"111938","40","40","0"
"111939","23","0","23"
"111940","35","35","0"
"111942","47","47","0"
"111943","24","24","0"
"111944","26","26","0"
"111945","38","38","0"
"111946","47","47","0"
"111947","49","49","0"
"111948","37","37","0"
"111950","20","0","20"
"111952","22","22","0"
"111955","26","0","26"
"111956","16","0","16"
"111957","18","0","18"
"111958","34","34","0"
"111960","32","0","32"
"111961","33","33","0"
"111964","28","0","28"
"111965","42","42","0"
"111967","38","38","0"
"111968","29","29","0"
"111973","25","0","25"
"111974","21","0","21"
"111975","48","48","0"
"111976","24","24","0"
"111978","32","0","32"
"111979","26","0","26"
"111980","29","29","0"
"111981","49","49","0"
"111982","38","38","0"
"111983","22","0","22"
"111986","21","0","21"
"111987","28","28","0"
"111988","40","40","0"
"111989","37","37","0"
"111990","52","52","0"
"111991","29","0","29"
"111993","33","0","33"
"111994","28","0","28"
"111995","36","36","0"
"111996","25","25","0"
"111997","20","0","20"
"111999","27","0","27"
"112001","26","0","26"
"112002","26","26","0"
"112004","37","0","37"
"112005","22","22","0"
"112006","26","0","26"
"112008","35","35","0"
"112009","36","0","36"
"112010","44","44","0"
"112011","35","35","0"
"112012","40","40","0"
"112013","24","0","24"
"112015","24","24","0"
"112016","28","28","0"
"112017","28","0","28"
"112018","27","27","0"
"112019","31","31","0"
"112021","34","34","0"
"112022","38","38","0"
"112023","31","0","31"
"112025","45","45","0"
"112028","36","36","0"
"112030","19","0","19"
"112031","36","36","0"
"112032","30","0","30"
"112033","46","46","0"
"112034","34","34","0"
"112036","36","0","36"
"112037","19","0","19"
"112039","25","0","25"
"112041","34","34","0"
"112045","30","30","0"
"112048","27","0","27"
"112049","46","46","0"
"112050","33","33","0"
"112052","27","0","27"
"112053","29","0","29"
"112054","45","45","0"
"112056","34","0","34"
"112057","33","33","0"
"112058","24","0","24"
"112059","35","35","0"
"112061","34","34","0"
"112064","29","0","29"
"112067","17","0","17"
"112068","27","0","27"
"112069","24","0","24"
"112070","20","0","20"
"112072","33","33","0"
"112073","29","0","29"
"112076","30","30","0"
"112077","19","0","19"
"112079","33","33","0"
"112081","23","0","23"
"112082","45","45","0"
"112084","36","36","0"
"112088","29","29","0"
"112089","24","0","24"
"112091","17","0","17"
"112092","29","0","29"
"112097","34","34","0"
"112098","23","0","23"
"112099","25","0","25"
"112101","22","0","22"
"112102","21","0","21"
"112103","24","0","24"
"112104","32","32","0"
"112105","28","0","28"
"112106","22","0","22"
"112107","35","35","0"
"112108","24","0","24"
"112110","27","0","27"
"112112","32","32","0"
"112113","38","38","0"
"112114","37","37","0"
"112115","36","36","0"
"112116","30","30","0"
"112117","54","54","0"
"112118","30","0","30"
"112119","35","35","0"
"112121","35","35","0"
"112123","28","28","0"
"112124","19","0","19"
"112125","31","31","0"
"112126","25","0","25"
"112127","30","0","30"
"112128","38","38","0"
"112130","29","0","29"
"112131","25","25","0"
"112132","29","0","29"
"112134","40","40","0"
"112135","34","34","0"
"112136","24","0","24"
"112139","27","0","27"
"112140","37","37","0"
"112142","21","0","21"
"112144","32","32","0"
"112145","28","0","28"
"112146","32","0","32"
"112147","32","0","32"
"112149","38","38","0"
"112150","34","34","0"
"112151","31","0","31"
"112152","30","0","30"
"112153","34","0","34"
"112154","21","0","21"
"112155","21","0","21"
"112158","32","32","0"
"112159","25","0","25"
"112160","28","0","28"
"112162","19","0","19"
"112163","21","0","21"
"112164","25","25","0"
"112165","37","37","0"
"112167","38","38","0"
"112169","32","32","0"
"112170","26","0","26"
"112171","34","0","34"
"112172","30","30","0"
"112173","33","33","0"
"112174","53","53","0"
"112175","26","26","0"
"112176","44","44","0"
"112177","38","38","0"
"112178","37","37","0"
"112179","32","32","0"
"112180","27","0","27"
"112181","27","0","27"
"112182","29","29","0"
"112183","28","0","28"
"112184","25","0","25"
"112187","22","22","0"
"112188","21","0","21"
"112189","42","42","0"
"112190","27","27","0"
"112191","28","0","28"
"112192","20","0","20"
"112193","34","0","34"
"112194","28","0","28"
"112195","41","41","0"
"112197","24","0","24"
"112198","31","0","31"
"112199","27","0","27"
"112200","27","0","27"
"112201","33","33","0"
"112202","45","45","0"
"112203","34","34","0"
"112204","28","0","28"
"112205","41","41","0"
"112206","45","45","0"
"112207","27","0","27"
"112208","20","0","20"
"112209","33","0","33"
"112210","47","47","0"
"112211","31","31","0"
"112212","18","0","18"
"112215","25","0","25"
"112216","16","0","16"
"112217","29","0","29"
"112218","31","0","31"
"112219","29","0","29"
"112220","25","25","0"
"112221","26","26","0"
"112222","21","0","21"
"112223","29","29","0"
"112224","27","0","27"
"112225","33","0","33"
"112226","21","0","21"
"112227","27","0","27"
"112228","27","0","27"
"112229","38","38","0"
"112232","31","31","0"
"112233","30","30","0"
"112235","29","0","29"
"112236","28","0","28"
"112237","40","40","0"
"112238","37","37","0"
"112239","36","36","0"
"112240","30","30","0"
"112241","31","0","31"
"112243","30","0","30"
"112244","31","31","0"
"112245","27","0","27"
"112246","46","46","0"
"112247","33","0","33"
"112248","39","39","0"
"112249","27","0","27"
"112250","21","0","21"
"112252","19","0","19"
"112257","33","0","33"
"112258","35","0","35"
"112259","34","34","0"
"112260","26","0","26"
"112262","36","36","0"
"112264","24","0","24"
"112266","30","30","0"
"112267","20","0","20"
"112268","27","27","0"
"112269","17","0","17"
"112270","29","0","29"
"112271","39","39","0"
"112273","33","33","0"
"112274","33","33","0"
"112276","40","40","0"
"112278","29","29","0"
"112279","31","0","31"
"112280","41","41","0"
"112281","26","0","26"
"112283","38","38","0"
"112285","32","32","0"
"112286","29","0","29"
"112288","31","31","0"
"112291","21","0","21"
"112292","32","0","32"
"112293","18","0","18"
"112297","30","0","30"
"112299","32","0","32"
"112301","25","0","25"
"112302","27","0","27"
"112303","25","0","25"
"112304","27","0","27"
"112306","32","32","0"
"112308","21","0","21"
"112310","45","45","0"
"112311","26","26","0"
"112312","35","35","0"
"112313","31","31","0"
"112314","25","0","25"
"112315","20","0","20"
"112317","35","35","0"
"112319","19","0","19"
"112320","17","0","17"
"112321","23","0","23"
"112322","22","0","22"
"112323","28","0","28"
"112324","36","36","0"
"112325","45","45","0"
"112326","45","45","0"
"112328","31","31","0"
"112329","29","0","29"
"112332","39","39","0"
"112334","18","0","18"
"112336","23","0","23"
"112340","33","33","0"
"112342","40","0","40"
"112343","29","29","0"
"112344","39","0","39"
"112346","30","0","30"
"112348","18","0","18"
"112349","36","36","0"
"112350","53","53","0"
"112352","47","47","0"
"112353","22","0","22"
"112355","24","0","24"
"112356","37","37","0"
"112357","37","37","0"
"112358","33","33","0"
"112359","50","50","0"
"112360","24","0","24"
"112362","27","27","0"
"112363","24","0","24"
"112364","37","37","0"
"112365","31","0","31"
"112368","34","34","0"
"112369","25","0","25"
"112371","36","36","0"
"112372","21","0","21"
"112375","39","39","0"
"112376","43","43","0"
"112378","14","0","14"
"112379","26","0","26"
"112380","27","27","0"
"112381","20","0","20"
"112382","22","0","22"
"112383","27","27","0"
"112385","30","0","30"
"112387","43","43","0"
"112388","35","35","0"
"112389","31","31","0"
"112391","25","0","25"
"112392","38","38","0"
"112393","22","0","22"
"112394","17","0","17"
"112396","45","45","0"
"112397","27","0","27"
"112398","38","38","0"
"112399","35","0","35"
"112401","28","28","0"
"112404","33","33","0"
"112408","19","0","19"
"112410","26","0","26"
"112411","36","36","0"
"112412","20","0","20"
"112413","39","39","0"
"112414","31","31","0"
"112415","32","0","32"
"112416","25","0","25"
"112417","27","0","27"
"112418","30","0","30"
"112419","46","46","0"
"112420","28","0","28"
"112421","33","0","33"
"112422","27","27","0"
"112423","24","0","24"
"112424","41","41","0"
"112425","27","0","27"
"112426","42","42","0"
"112428","28","28","0"
"112429","48","48","0"
"112430","41","41","0"
"112431","34","34","0"
"112433","32","0","32"
"112435","36","36","0"
"112437","25","0","25"
"112438","21","0","21"
"112440","19","0","19"
"112442","21","0","21"
"112443","40","0","40"
"112445","41","41","0"
"112446","36","0","36"
"112447","31","0","31"
"112448","35","35","0"
"112449","27","0","27"
"112450","29","29","0"
"112451","38","38","0"
"112453","21","0","21"
"112454","35","0","35"
"112456","31","31","0"
"112457","36","36","0"
"112458","37","37","0"
"112459","31","31","0"
"112461","28","0","28"
"112463","31","0","31"
"112465","38","38","0"
"112467","37","0","37"
"112468","39","39","0"
"112469","21","0","21"
"112470","28","0","28"
"112473","25","0","25"
"112474","33","0","33"
"112475","39","39","0"
"112476","34","34","0"
"112478","35","35","0"
"112479","38","38","0"
"112480","36","36","0"
"112481","29","29","0"
"112482","28","0","28"
"112484","27","0","27"
"112486","36","36","0"
"112487","43","43","0"
"112488","36","36","0"
"112491","34","34","0"
"112492","25","0","25"
"112493","40","0","40"
"112495","23","0","23"
"112496","23","0","23"
"112498","36","36","0"
"112499","30","0","30"
"112501","31","31","0"
"112504","26","0","26"
"112505","21","0","21"
"112506","33","33","0"
"112507","38","38","0"
"112508","30","0","30"
"112511","22","0","22"
"112512","19","0","19"
"112513","37","37","0"
"112515","28","0","28"
"112516","22","0","22"
"112518","20","0","20"
"112520","36","36","0"
"112523","28","28","0"
"112524","36","36","0"
"112525","15","0","15"
"112526","25","0","25"
"112527","26","0","26"
"112531","26","0","26"
"112532","29","29","0"
"112534","42","42","0"
"112536","45","45","0"
"112537","31","31","0"
"112538","28","28","0"
"112539","27","0","27"
"112540","48","48","0"
"112542","21","0","21"
"112543","41","41","0"
"112544","43","43","0"
"112545","24","0","24"
"112546","32","32","0"
"112548","33","33","0"
"112549","34","34","0"
"112550","31","0","31"
"112551","32","0","32"
"112554","35","0","35"
"112557","37","37","0"
"112559","22","0","22"
"112560","26","0","26"
"112562","38","38","0"
"112563","29","29","0"
"112564","16","0","16"
"112565","25","0","25"
"112566","30","0","30"
"112567","30","30","0"
"112570","26","0","26"
"112571","30","0","30"
"112572","33","33","0"
"112574","44","44","0"
"112575","35","35","0"
"112576","44","44","0"
"112577","38","38","0"
"112578","29","0","29"
"112580","41","41","0"
"112581","25","0","25"
"112582","42","42","0"
"112583","30","30","0"
"112584","31","0","31"
"112587","41","41","0"
"112588","26","0","26"
"112590","25","0","25"
"112591","48","48","0"
"112592","32","0","32"
"112594","31","0","31"
"112596","36","36","0"
"112597","32","32","0"
"112600","36","36","0"
"112601","23","0","23"
"112602","31","0","31"
"112603","38","38","0"
"112604","25","0","25"
"112605","36","36","0"
"112607","22","0","22"
"112610","39","39","0"
"112611","30","0","30"
"112612","38","38","0"
"112613","39","39","0"
"112615","34","34","0"
"112616","31","31","0"
"112618","37","37","0"
"112619","28","0","28"
"112620","40","40","0"
"112623","31","0","31"
"112624","30","0","30"
"112625","38","38","0"
"112626","38","38","0"
"112627","26","0","26"
"112628","21","0","21"
"112630","35","35","0"
"112631","29","0","29"
"112633","25","0","25"
"112634","49","49","0"
"112635","38","38","0"
"112636","49","49","0"
"112638","45","45","0"
"112639","33","33","0"
"112641","25","0","25"
"112642","18","0","18"
"112644","26","0","26"
"112645","41","41","0"
"112646","38","0","38"
"112649","24","0","24"
"112651","27","27","0"
"112652","32","32","0"
"112653","39","39","0"
"112655","31","0","31"
"112656","32","32","0"
"112657","18","0","18"
"112659","23","0","23"
"112660","30","0","30"
"112662","33","33","0"
"112664","42","42","0"
"112665","24","0","24"
"112666","38","38","0"
"112667","25","0","25"
"112668","45","45","0"
"112669","40","40","0"
"112671","26","0","26"
"112672","29","0","29"
"112674","22","0","22"
"112675","36","36","0"
"112676","26","0","26"
"112677","36","0","36"
"112680","27","0","27"
"112681","26","0","26"
"112682","30","30","0"
"112683","25","0","25"
"112684","31","31","0"
"112685","31","31","0"
"112686","23","0","23"
"112691","36","36","0"
"112692","42","42","0"
"112693","36","36","0"
"112694","29","0","29"
"112695","28","28","0"
"112697","22","0","22"
"112698","37","37","0"
"112699","26","26","0"
"112701","37","37","0"
"112702","30","30","0"
"112703","26","0","26"
"112704","36","36","0"
"112705","40","40","0"
"112706","36","36","0"
"112708","27","27","0"
"112709","29","29","0"
"112710","26","26","0"
"112713","37","37","0"
"112714","28","0","28"
"112715","23","0","23"
"112716","30","30","0"
"112717","24","0","24"
"112719","16","0","16"
"112720","26","0","26"
"112721","24","0","24"
"112722","26","0","26"
"112723","24","24","0"
"112724","48","48","0"
"112725","19","0","19"
"112726","31","31","0"
"112729","46","46","0"
"112730","21","0","21"
"112731","23","23","0"
"112735","34","34","0"
"112736","36","36","0"
"112737","33","33","0"
"112739","41","41","0"
"112742","21","0","21"
"112743","30","30","0"
"112744","30","0","30"
"112745","33","33","0"
"112746","25","0","25"
"112747","15","0","15"
"112748","29","0","29"
"112749","25","0","25"
"112750","34","0","34"
"112752","28","0","28"
"112753","34","0","34"
"112754","26","0","26"
"112755","37","37","0"
"112756","26","0","26"
"112757","25","0","25"
"112758","27","0","27"
"112760","33","33","0"
"112761","25","0","25"
"112762","30","0","30"
"112763","33","0","33"
"112764","38","38","0"
"112765","26","0","26"
"112766","31","0","31"
"112770","33","0","33"
"112771","27","0","27"
"112772","31","0","31"
"112773","24","0","24"
"112774","39","39","0"
"112775","26","0","26"
"112776","26","0","26"
"112777","38","38","0"
"112778","25","0","25"
"112779","17","0","17"
"112782","36","36","0"
"112783","32","32","0"
"112786","31","31","0"
"112789","28","0","28"
"112790","31","31","0"
"112792","21","0","21"
"112794","30","30","0"
"112795","14","0","14"
"112798","39","39","0"
"112799","32","32","0"
"112801","21","0","21"
"112803","29","0","29"
"112805","34","34","0"
"112806","31","0","31"
"112808","24","0","24"
"112809","19","0","19"
"112810","19","0","19"
"112811","41","41","0"
"112812","37","0","37"
"112813","48","48","0"
"112816","42","42","0"
"112818","23","0","23"
"112819","44","44","0"
"112821","28","28","0"
"112823","23","0","23"
"112824","33","33","0"
"112825","34","0","34"
"112827","31","0","31"
"112830","43","43","0"
"112832","22","0","22"
"112833","38","38","0"
"112835","43","43","0"
"112836","30","30","0"
"112837","22","0","22"
"112839","37","37","0"
"112840","15","0","15"
"112842","30","30","0"
"112843","22","0","22"
"112844","27","0","27"
"112845","24","0","24"
"112846","31","31","0"
"112847","39","39","0"
"112848","32","0","32"
"112850","23","0","23"
"112851","28","0","28"
"112853","27","0","27"
"112854","41","41","0"
"112855","29","0","29"
"112856","46","46","0"
"112857","21","21","0"
"112858","39","39","0"
"112859","17","0","17"
"112862","35","35","0"
"112864","18","0","18"
"112865","54","54","0"
"112867","20","0","20"
"112868","31","0","31"
"112871","36","36","0"
"112872","32","0","32"
"112873","39","0","39"
"112874","32","32","0"
"112875","37","37","0"
"112876","35","35","0"
"112877","33","33","0"
"112878","32","32","0"
"112879","34","0","34"
"112880","38","38","0"
"112882","29","29","0"
"112883","19","0","19"
"112884","33","33","0"
"112885","41","41","0"
"112888","23","0","23"
"112891","33","0","33"
"112892","26","0","26"
"112894","35","35","0"
"112895","26","0","26"
"112897","18","0","18"
"112898","35","35","0"
"112899","33","33","0"
"112901","30","0","30"
"112902","32","0","32"
"112906","36","36","0"
"112911","44","0","44"
"112912","34","0","34"
"112915","23","0","23"
"112916","39","39","0"
"112917","28","0","28"
"112919","31","0","31"
"112920","31","31","0"
"112922","32","32","0"
"112923","24","0","24"
"112925","47","47","0"
"112926","31","0","31"
"112927","38","0","38"
"112928","36","36","0"
"112929","38","38","0"
"112930","33","33","0"
"112936","34","0","34"
"112938","27","27","0"
"112939","30","0","30"
"112940","26","26","0"
"112941","34","34","0"
"112942","46","46","0"
"112943","33","33","0"
"112944","40","40","0"
"112945","25","0","25"
"112946","39","39","0"
"112948","24","0","24"
"112949","27","0","27"
"112950","42","42","0"
"112951","41","41","0"
"112952","29","0","29"
"112953","37","37","0"
"112956","29","0","29"
"112957","31","31","0"
"112958","36","36","0"
"112962","24","0","24"
"112964","20","0","20"
"112965","34","0","34"
"112967","22","0","22"
"112969","29","0","29"
"112970","19","0","19"
"112973","36","36","0"
"112974","27","0","27"
"112978","27","27","0"
"112979","28","0","28"
"112981","31","0","31"
"112982","37","37","0"
"112983","40","40","0"
"112984","21","0","21"
"112985","32","32","0"
"112987","39","39","0"
"112988","32","0","32"
"112993","28","0","28"
"112994","21","0","21"
"112995","32","32","0"
"112996","32","0","32"
"112997","37","37","0"
"112998","31","31","0"
"112999","24","24","0"
"113000","38","38","0"
"113002","23","0","23"
"113003","38","38","0"
"113004","35","0","35"
"113005","45","45","0"
"113006","25","25","0"
"113007","39","39","0"
"113010","26","26","0"
"113013","33","33","0"
"113014","38","38","0"
"113015","42","42","0"
"113018","34","34","0"
"113019","20","0","20"
"113020","22","0","22"
"113023","21","0","21"
"113025","35","0","35"
"113026","32","32","0"
"113027","26","0","26"
"113028","19","0","19"
"113029","20","0","20"
"113030","38","38","0"
"113032","31","0","31"
"113033","25","0","25"
"113034","39","39","0"
"113035","40","40","0"
"113036","22","0","22"
"113037","28","28","0"
"113040","31","0","31"
"113041","24","0","24"
"113045","39","39","0"
"113046","31","0","31"
"113047","26","0","26"
"113048","45","45","0"
"113049","24","0","24"
"113050","37","37","0"
"113053","39","39","0"
"113054","30","0","30"
"113055","21","0","21"
"113056","41","41","0"
"113058","48","48","0"
"113059","28","0","28"
"113061","36","0","36"
"113062","32","0","32"
"113064","23","0","23"
"113065","25","25","0"
"113066","30","0","30"
"113067","29","29","0"
"113068","17","0","17"
"113069","30","30","0"
"113070","22","0","22"
"113071","30","30","0"
"113072","30","30","0"
"113074","40","40","0"
"113075","29","29","0"
"113076","31","0","31"
"113077","26","0","26"
"113078","22","0","22"
"113079","31","0","31"
"113080","25","25","0"
"113081","39","39","0"
"113083","36","36","0"
"113084","40","40","0"
"113085","37","37","0"
"113086","34","0","34"
"113089","23","0","23"
"113090","28","28","0"
"113091","20","0","20"
"113092","34","34","0"
"113093","36","36","0"
"113094","25","0","25"
"113096","38","38","0"
"113097","40","40","0"
"113099","29","0","29"
"113101","24","0","24"
"113102","37","37","0"
"113103","30","0","30"
"113104","24","0","24"
"113105","38","38","0"
"113106","46","46","0"
"113107","33","33","0"
"113111","31","31","0"
"113112","31","31","0"
"113113","28","0","28"
"113114","26","0","26"
"113116","25","0","25"
"113118","25","0","25"
"113120","27","0","27"
"113121","32","0","32"
"113123","38","38","0"
"113126","22","0","22"
"113128","26","0","26"
"113129","35","35","0"
"113131","28","0","28"
"113133","36","36","0"
"113135","21","0","21"
"113137","34","34","0"
"113139","33","33","0"
"113140","31","0","31"
"113141","26","0","26"
"113142","42","42","0"
"113143","25","0","25"
"113144","40","40","0"
"113145","24","0","24"
"113146","25","0","25"
"113148","36","36","0"
"113150","16","0","16"
"113151","36","36","0"
"113154","34","34","0"
"113156","38","38","0"
"113157","36","36","0"
"113158","38","38","0"
"113159","31","31","0"
"113160","23","0","23"
"113161","31","0","31"
"113165","28","0","28"
"113166","42","42","0"
"113167","34","34","0"
"113168","36","36","0"
"113169","34","34","0"
"113171","40","40","0"
"113172","29","0","29"
"113173","39","39","0"
"113174","24","0","24"
"113175","32","0","32"
"113177","28","0","28"
"113178","28","0","28"
"113179","26","0","26"
"113180","31","0","31"
"113181","22","0","22"
"113182","31","0","31"
"113184","30","0","30"
"113185","36","36","0"
"113186","25","0","25"
"113188","28","0","28"
"113189","37","37","0"
"113190","34","34","0"
"113192","30","30","0"
"113193","33","33","0"
"113195","38","38","0"
"113197","29","0","29"
"113198","22","0","22"
"113199","43","43","0"
"113201","25","0","25"
"113203","25","0","25"
"113204","28","28","0"
"113205","22","0","22"
"113206","22","0","22"
"113207","29","0","29"
"113208","37","37","0"
"113209","27","0","27"
"113210","31","31","0"
"113211","30","30","0"
"113213","30","0","30"
"113216","36","36","0"
"113219","35","35","0"
"113222","31","31","0"
"113224","48","48","0"
"113225","33","0","33"
"113226","30","0","30"
"113228","47","47","0"
"113229","35","35","0"
"113232","20","0","20"
"113233","41","41","0"
"113235","48","48","0"
"113236","37","37","0"
"113237","43","43","0"
"113238","32","32","0"
"113239","34","34","0"
"113242","30","0","30"
"113243","23","0","23"
"113245","24","0","24"
"113246","35","35","0"
"113247","29","0","29"
"113248","32","32","0"
"113250","30","0","30"
"113251","31","31","0"
"113252","23","0","23"
"113255","41","41","0"
"113256","22","0","22"
"113257","30","0","30"
"113259","33","33","0"
"113260","34","34","0"
"113261","38","38","0"
"113262","23","0","23"
"113263","33","0","33"
"113264","47","47","0"
"113265","37","37","0"
"113266","34","0","34"
"113267","35","35","0"
"113268","23","0","23"
"113269","29","0","29"
"113270","33","0","33"
"113271","36","0","36"
"113273","22","0","22"
"113274","20","0","20"
"113276","29","0","29"
"113277","35","35","0"
"113279","38","38","0"
"113280","29","0","29"
"113281","34","34","0"
"113283","28","0","28"
"113285","39","39","0"
"113286","44","44","0"
"113287","34","0","34"
"113288","32","0","32"
"113290","22","0","22"
"113292","27","0","27"
"113293","37","37","0"
"113296","47","47","0"
"113297","38","38","0"
"113298","31","0","31"
"113300","23","0","23"
"113301","37","37","0"
"113302","31","0","31"
"113304","31","31","0"
"113306","26","26","0"
"113307","34","34","0"
"113308","35","0","35"
"113309","29","0","29"
"113311","34","34","0"
"113312","35","35","0"
"113314","23","0","23"
"113317","28","0","28"
"113320","34","34","0"
"113321","26","26","0"
"113324","40","40","0"
"113329","26","26","0"
"113330","30","30","0"
"113331","36","36","0"
"113332","36","36","0"
"113333","27","27","0"
"113334","36","36","0"
"113335","22","0","22"
"113336","34","34","0"
"113337","26","0","26"
"113338","33","33","0"
"113339","26","26","0"
"113340","23","0","23"
"113342","28","0","28"
"113343","29","0","29"
"113344","29","29","0"
"113345","34","34","0"
"113347","30","30","0"
"113348","33","33","0"
"113349","28","0","28"
"113350","21","0","21"
"113351","32","0","32"
"113355","43","43","0"
"113356","39","39","0"
"113357","23","0","23"
"113358","39","39","0"
"113360","35","0","35"
"113361","30","0","30"
"113362","19","0","19"
"113364","34","34","0"
"113366","35","35","0"
"113367","26","0","26"
"113369","22","0","22"
"113370","36","36","0"
"113371","35","35","0"
"113372","26","0","26"
"113373","34","34","0"
"113374","40","40","0"
"113376","41","41","0"
"113378","31","31","0"
"113379","26","0","26"
"113380","26","26","0"
"113381","38","38","0"
"113382","23","0","23"
"113383","27","0","27"
"113384","29","29","0"
"113385","39","39","0"
"113386","40","40","0"
"113388","24","0","24"
"113391","45","45","0"
"113393","18","0","18"
"113394","30","0","30"
"113395","31","0","31"
"113396","34","0","34"
"113399","32","32","0"
"113401","33","0","33"
"113402","25","25","0"
"113407","42","42","0"
"113408","35","35","0"
"113409","27","0","27"
"113410","24","0","24"
"113411","13","0","13"
"113413","33","33","0"
"113415","41","41","0"
"113417","35","35","0"
"113418","32","32","0"
"113420","30","0","30"
"113421","35","35","0"
"113423","44","44","0"
"113424","24","0","24"
"113425","29","0","29"
"113426","22","0","22"
"113427","23","0","23"
"113428","16","0","16"
"113429","28","0","28"
"113431","33","0","33"
"113432","14","0","14"
"113433","36","36","0"
"113434","30","0","30"
"113435","25","0","25"
"113436","25","0","25"
"113438","27","0","27"
"113439","29","0","29"
"113440","37","37","0"
"113441","34","34","0"
"113442","22","0","22"
"113444","26","0","26"
"113446","24","0","24"
"113447","29","0","29"
"113449","28","28","0"
"113450","26","0","26"
"113452","40","40","0"
"113453","40","40","0"
"113455","25","25","0"
"113456","37","37","0"
"113457","30","0","30"
"113458","30","30","0"
"113460","25","0","25"
"113461","39","39","0"
"113462","43","43","0"
"113465","39","0","39"
"113466","45","45","0"
"113468","34","0","34"
"113469","36","36","0"
"113470","30","0","30"
"113471","24","0","24"
"113472","26","0","26"
"113474","31","0","31"
"113476","39","0","39"
"113477","29","0","29"
"113479","21","0","21"
"113481","24","0","24"
"113482","24","0","24"
"113484","25","0","25"
"113487","36","36","0"
"113489","43","43","0"
"113490","30","0","30"
"113491","40","40","0"
"113494","27","0","27"
"113495","28","0","28"
"113497","39","39","0"
"113498","27","0","27"
"113499","44","44","0"
"113500","38","38","0"
"113502","34","34","0"
"113504","25","25","0"
"113505","39","0","39"
"113506","37","37","0"
"113509","29","0","29"
"113510","22","0","22"
"113511","32","32","0"
"113512","38","38","0"
"113513","44","44","0"
"113515","34","34","0"
"113516","33","33","0"
"113517","35","35","0"
"113520","25","0","25"
"113521","31","0","31"
"113522","28","0","28"
"113523","43","43","0"
"113524","38","0","38"
"113525","28","0","28"
"113526","44","44","0"
"113527","38","38","0"
"113528","33","33","0"
"113529","36","36","0"
"113530","43","43","0"
"113531","29","29","0"
"113532","35","35","0"
"113533","21","0","21"
"113535","35","0","35"
"113536","28","0","28"
"113537","39","39","0"
"113538","32","32","0"
"113539","36","36","0"
"113540","25","0","25"
"113541","26","0","26"
"113542","19","0","19"
"113545","32","0","32"
"113546","28","0","28"
"113547","23","23","0"
"113548","39","39","0"
"113550","44","44","0"
"113552","36","36","0"
"113553","35","0","35"
"113554","29","29","0"
"113555","26","0","26"
"113558","29","29","0"
"113559","27","0","27"
"113560","35","35","0"
"113561","43","43","0"
"113562","34","34","0"
"113563","25","0","25"
"113565","28","0","28"
"113566","26","26","0"
"113567","31","31","0"
"113568","30","0","30"
"113569","32","32","0"
"113570","17","0","17"
"113571","33","33","0"
"113573","27","27","0"
"113574","21","0","21"
"113575","37","37","0"
"113576","38","38","0"
"113577","35","35","0"
"113578","22","0","22"
"113580","27","0","27"
"113582","16","0","16"
"113583","25","0","25"
"113584","18","0","18"
"113586","43","43","0"
"113587","22","22","0"
"113588","39","39","0"
"113589","45","45","0"
"113591","29","0","29"
"113592","42","42","0"
"113593","26","26","0"
"113594","23","0","23"
"113595","23","0","23"
"113596","33","0","33"
"113597","30","30","0"
"113598","35","35","0"
"113599","27","27","0"
"113600","40","40","0"
"113601","32","32","0"
"113602","33","0","33"
"113604","33","33","0"
"113605","29","29","0"
"113607","37","37","0"
"113608","22","0","22"
"113609","26","0","26"
"113612","43","43","0"
"113614","30","30","0"
"113615","26","0","26"
"113616","28","0","28"
"113617","36","0","36"
"113618","42","42","0"
"113620","29","29","0"
"113622","42","42","0"
"113623","16","0","16"
"113624","29","0","29"
"113625","32","0","32"
"113626","22","22","0"
"113627","25","0","25"
"113628","29","0","29"
"113629","34","34","0"
"113630","36","36","0"
"113633","14","0","14"
"113634","35","35","0"
"113635","21","0","21"
"113636","37","37","0"
"113637","25","0","25"
"113638","28","28","0"
"113640","16","0","16"
"113641","41","41","0"
"113642","30","30","0"
"113643","30","0","30"
"113646","27","0","27"
"113649","28","0","28"
"113650","12","0","12"
"113651","14","0","14"
"113652","32","32","0"
"113653","23","0","23"
"113654","40","40","0"
"113655","30","0","30"
"113656","39","39","0"
"113657","29","0","29"
"113659","29","0","29"
"113660","25","0","25"
"113661","27","0","27"
"113662","35","35","0"
"113664","39","39","0"
"113665","38","38","0"
"113666","21","0","21"
"113667","23","0","23"
"113675","28","28","0"
"113679","50","50","0"
"113680","32","0","32"
"113681","46","46","0"
"113683","38","38","0"
"113684","43","43","0"
"113685","25","0","25"
"113688","44","44","0"
"113689","36","36","0"
"113691","25","0","25"
"113698","31","0","31"
"113699","21","0","21"
"113700","29","29","0"
"113701","26","0","26"
"113702","28","0","28"
"113704","35","35","0"
"113705","36","36","0"
"113706","40","40","0"
"113707","37","37","0"
"113708","36","36","0"
"113709","37","37","0"
"113710","30","0","30"
"113711","31","31","0"
"113712","38","38","0"
"113713","34","34","0"
"113714","38","38","0"
"113715","24","0","24"
"113716","26","0","26"
"113718","15","0","15"
"113721","36","36","0"
"113723","35","35","0"
"113724","27","27","0"
"113725","26","0","26"
"113726","29","0","29"
"113727","30","0","30"
"113728","27","27","0"
"113729","24","24","0"
"113730","37","37","0"
"113731","19","0","19"
"113733","27","0","27"
"113734","37","37","0"
"113736","29","29","0"
"113738","27","0","27"
"113740","19","0","19"
"113742","24","0","24"
"113743","25","0","25"
"113745","35","35","0"
"113747","36","36","0"
"113748","35","35","0"
"113749","47","47","0"
"113750","41","41","0"
"113751","24","24","0"
"113753","29","0","29"
"113754","46","46","0"
"113756","37","37","0"
"113757","39","39","0"
"113758","23","0","23"
"113760","21","0","21"
"113761","30","0","30"
"113763","25","0","25"
"113764","36","36","0"
"113766","24","0","24"
"113767","43","43","0"
"113771","25","0","25"
"113772","22","0","22"
"113773","39","39","0"
"113774","28","0","28"
"113775","33","33","0"
"113778","36","36","0"
"113779","28","0","28"
"113780","27","27","0"
"113781","38","38","0"
"113782","20","0","20"
"113783","39","39","0"
"113784","31","31","0"
"113786","30","0","30"
"113787","31","31","0"
"113789","28","28","0"
"113790","29","29","0"
"113794","27","0","27"
"113795","37","37","0"
"113797","38","38","0"
"113798","38","0","38"
"113799","31","31","0"
"113800","49","49","0"
"113801","36","36","0"
"113802","30","0","30"
"113803","30","30","0"
"113805","28","28","0"
"113806","30","30","0"
"113808","32","32","0"
"113810","29","0","29"
"113811","32","32","0"
"113812","32","32","0"
"113813","38","38","0"
"113815","29","0","29"
"113816","38","0","38"
"113817","27","0","27"
"113818","18","0","18"
"113819","28","0","28"
"113820","37","37","0"
"113821","32","32","0"
"113822","37","37","0"
"113823","35","35","0"
"113824","25","0","25"
"113825","26","0","26"
"113829","39","39","0"
"113830","24","0","24"
"113831","28","0","28"
"113832","25","0","25"
"113833","26","26","0"
"113835","33","0","33"
"113837","26","0","26"
"113838","34","34","0"
"113842","41","41","0"
"113843","33","33","0"
"113845","27","0","27"
"113846","26","0","26"
"113847","22","0","22"
"113848","42","42","0"
"113849","25","0","25"
"113850","26","0","26"
"113852","19","0","19"
"113853","32","32","0"
"113855","20","0","20"
"113856","30","0","30"
"113859","21","0","21"
"113860","16","0","16"
"113863","35","35","0"
"113864","43","43","0"
"113867","33","0","33"
"113868","33","0","33"
"113869","25","0","25"
"113874","28","28","0"
"113875","34","34","0"
"113876","40","40","0"
"113877","42","42","0"
"113878","26","0","26"
"113879","35","0","35"
"113880","40","40","0"
"113881","20","0","20"
"113882","40","40","0"
"113883","31","0","31"
"113884","24","0","24"
"113885","25","0","25"
"113889","34","0","34"
"113890","27","0","27"
"113891","30","30","0"
"113892","24","0","24"
"113893","24","0","24"
"113894","22","0","22"
"113895","21","0","21"
"113896","31","0","31"
"113897","33","33","0"
"113898","44","44","0"
"113899","42","42","0"
"113900","44","44","0"
"113901","20","0","20"
"113902","27","0","27"
"113903","34","34","0"
"113904","42","42","0"
"113905","21","0","21"
"113907","41","41","0"
"113908","28","0","28"
"113909","44","44","0"
"113910","43","43","0"
"113911","38","38","0"
"113914","22","0","22"
"113915","32","0","32"
"113916","36","36","0"
"113918","36","0","36"
"113919","45","45","0"
"113920","42","42","0"
"113922","40","40","0"
"113924","22","0","22"
"113925","29","0","29"
"113926","20","0","20"
"113927","38","38","0"
"113929","25","25","0"
"113930","45","45","0"
"113931","30","0","30"
"113932","31","31","0"
"113933","36","36","0"
"113934","33","33","0"
"113935","19","0","19"
"113937","36","36","0"
"113940","15","0","15"
"113942","31","31","0"
"113944","25","0","25"
"113945","39","39","0"
"113948","23","0","23"
"113949","25","0","25"
"113950","28","0","28"
"113952","37","37","0"
"113953","35","35","0"
"113954","29","0","29"
"113956","25","0","25"
"113958","21","0","21"
"113959","25","0","25"
"113964","26","0","26"
"113965","30","0","30"
"113966","22","0","22"
"113967","33","33","0"
"113968","37","37","0"
"113969","31","31","0"
"113972","26","0","26"
"113974","41","41","0"
"113975","23","0","23"
"113976","30","0","30"
"113977","41","41","0"
"113978","31","0","31"
"113979","23","0","23"
"113980","27","0","27"
"113981","31","31","0"
"113982","28","0","28"
"113984","29","0","29"
"113985","39","0","39"
"113987","24","0","24"
"113988","36","36","0"
"113989","23","23","0"
"113990","36","0","36"
"113991","27","0","27"
"113994","17","0","17"
"113995","18","0","18"
"113997","30","30","0"
"113998","34","34","0"
"113999","37","37","0"
"114000","26","0","26"
"114001","40","40","0"
"114002","25","0","25"
"114003","32","32","0"
"114005","18","0","18"
"114007","37","37","0"
"114008","28","28","0"
"114012","40","40","0"
"114015","25","0","25"
"114016","26","0","26"
"114017","30","30","0"
"114018","26","0","26"
"114019","33","33","0"
"114022","34","34","0"
"114023","23","0","23"
"114024","22","0","22"
"114026","34","34","0"
"114027","21","0","21"
"114030","26","0","26"
"114031","19","19","0"
"114032","19","0","19"
"114033","39","39","0"
"114034","27","0","27"
"114035","33","0","33"
"114036","34","34","0"
"114037","37","37","0"
"114038","30","0","30"
"114039","28","0","28"
"114040","46","46","0"
"114041","38","38","0"
"114042","33","33","0"
"114044","35","35","0"
"114045","46","46","0"
"114050","26","0","26"
"114052","38","38","0"
"114053","35","0","35"
"114055","35","0","35"
"114056","46","46","0"
"114057","27","27","0"
"114058","23","0","23"
"114059","29","29","0"
"114060","20","0","20"
"114062","39","39","0"
"114063","32","32","0"
"114064","27","0","27"
"114065","47","47","0"
"114068","35","35","0"
"114070","45","45","0"
"114071","23","23","0"
"114072","46","46","0"
"114073","43","43","0"
"114075","36","36","0"
"114077","22","0","22"
"114078","37","37","0"
"114079","28","0","28"
"114080","45","45","0"
"114084","26","0","26"
"114085","38","38","0"
"114087","26","0","26"
"114089","38","38","0"
"114092","33","0","33"
"114093","28","0","28"
"114094","32","0","32"
"114097","38","38","0"
"114098","28","0","28"
"114099","40","40","0"
"114100","26","26","0"
"114102","28","28","0"
"114105","36","36","0"
"114108","30","0","30"
"114109","25","25","0"
"114112","31","31","0"
"114113","35","35","0"
"114114","25","25","0"
"114116","29","0","29"
"114117","49","49","0"
"114118","41","41","0"
"114119","17","0","17"
"114120","43","43","0"
"114122","27","0","27"
"114125","29","0","29"
"114126","29","0","29"
"114127","37","37","0"
"114129","34","0","34"
"114131","26","0","26"
"114133","21","0","21"
"114134","32","0","32"
"114135","35","35","0"
"114136","37","37","0"
"114137","33","33","0"
"114139","27","0","27"
"114140","34","34","0"
"114141","34","0","34"
"114142","29","29","0"
"114143","39","39","0"
"114144","36","36","0"
"114146","33","33","0"
"114150","24","0","24"
"114153","23","0","23"
"114154","35","35","0"
"114156","34","34","0"
"114157","28","0","28"
"114159","21","0","21"
"114161","27","0","27"
"114162","28","0","28"
"114163","38","38","0"
"114165","38","38","0"
"114166","19","0","19"
"114169","30","0","30"
"114170","43","43","0"
"114171","25","0","25"
"114173","43","43","0"
"114174","32","32","0"
"114175","40","40","0"
"114178","37","37","0"
"114179","32","32","0"
"114180","35","0","35"
"114182","31","0","31"
"114183","21","0","21"
"114188","41","41","0"
"114190","36","36","0"
"114191","25","0","25"
"114193","30","30","0"
"114194","38","38","0"
"114195","36","36","0"
"114196","28","28","0"
"114198","36","0","36"
"114199","38","38","0"
"114202","29","0","29"
"114204","36","36","0"
"114207","22","0","22"
"114209","29","0","29"
"114210","29","29","0"
"114211","44","44","0"
"114212","23","0","23"
"114213","37","37","0"
"114214","41","41","0"
"114216","27","0","27"
"114217","42","42","0"
"114220","41","41","0"
"114224","36","0","36"
"114225","39","39","0"
"114226","33","33","0"
"114227","44","44","0"
"114228","33","33","0"
"114230","33","0","33"
"114231","21","0","21"
"114233","17","0","17"
"114234","34","34","0"
"114235","38","38","0"
"114236","29","29","0"
"114237","29","29","0"
"114238","24","24","0"
"114239","36","36","0"
"114240","44","44","0"
"114243","26","26","0"
"114244","23","0","23"
"114246","24","0","24"
"114248","32","32","0"
"114250","31","0","31"
"114251","26","0","26"
"114252","25","0","25"
"114253","35","35","0"
"114254","37","37","0"
"114255","36","36","0"
"114256","37","37","0"
"114257","47","47","0"
"114258","28","0","28"
"114259","31","31","0"
"114260","34","34","0"
"114261","29","0","29"
"114262","34","34","0"
"114263","18","0","18"
"114265","31","0","31"
"114266","29","0","29"
"114269","23","0","23"
"114270","28","28","0"
"114272","36","36","0"
"114273","29","0","29"
"114274","21","0","21"
"114275","30","30","0"
"114276","36","36","0"
"114277","27","0","27"
"114278","36","36","0"
"114279","37","37","0"
"114280","24","0","24"
"114281","23","0","23"
"114283","34","34","0"
"114284","24","0","24"
"114285","23","0","23"
"114286","45","45","0"
"114287","38","38","0"
"114288","36","0","36"
"114289","22","0","22"
"114290","33","33","0"
"114291","32","32","0"
"114292","23","0","23"
"114293","24","0","24"
"114294","40","40","0"
"114295","35","35","0"
"114296","32","32","0"
"114297","26","0","26"
"114298","24","24","0"
"114299","33","33","0"
"114302","33","0","33"
"114304","39","39","0"
"114306","27","0","27"
"114307","19","0","19"
"114308","37","37","0"
"114311","19","0","19"
"114313","28","28","0"
"114314","33","0","33"
"114315","24","0","24"
"114316","36","0","36"
"114317","28","28","0"
"114318","25","0","25"
"114319","40","40","0"
"114321","27","0","27"
"114322","36","36","0"
"114323","39","39","0"
"114324","26","0","26"
"114325","27","27","0"
"114326","19","0","19"
"114327","38","38","0"
"114328","22","0","22"
"114331","29","0","29"
"114335","23","0","23"
"114337","45","45","0"
"114338","18","0","18"
"114339","25","0","25"
"114340","20","20","0"
"114342","29","0","29"
"114343","28","0","28"
"114345","31","31","0"
"114346","50","50","0"
"114347","24","0","24"
"114348","36","36","0"
"114349","36","36","0"
"114350","27","0","27"
"114351","24","24","0"
"114352","31","0","31"
"114354","35","35","0"
"114356","29","29","0"
"114357","42","42","0"
"114358","30","30","0"
"114359","42","42","0"
"114360","25","0","25"
"114363","27","0","27"
"114365","31","0","31"
"114366","31","31","0"
"114367","33","33","0"
"114368","27","0","27"
"114369","30","0","30"
"114371","39","39","0"
"114372","20","0","20"
"114373","44","44","0"
"114375","25","0","25"
"114376","25","0","25"
"114378","30","0","30"
"114379","37","0","37"
"114380","33","33","0"
"114381","22","0","22"
"114383","27","27","0"
"114387","27","0","27"
"114388","31","31","0"
"114389","36","36","0"
"114390","29","29","0"
"114394","24","0","24"
"114395","35","0","35"
"114396","35","35","0"
"114397","34","34","0"
"114400","39","39","0"
"114401","29","0","29"
"114403","33","0","33"
"114405","41","41","0"
"114407","31","0","31"
"114408","42","0","42"
"114410","41","41","0"
"114411","48","48","0"
"114413","27","0","27"
"114414","40","40","0"
"114416","28","28","0"
"114417","28","0","28"
"114418","31","0","31"
"114419","26","0","26"
"114420","30","30","0"
"114421","24","0","24"
"114422","29","0","29"
"114423","21","0","21"
"114424","29","0","29"
"114425","29","29","0"
"114426","38","38","0"
"114429","31","31","0"
"114430","32","0","32"
"114431","35","0","35"
"114432","31","31","0"
"114433","27","0","27"
"114434","19","0","19"
"114435","32","32","0"
"114438","28","28","0"
"114439","32","0","32"
"114440","26","0","26"
"114441","32","0","32"
"114442","42","42","0"
"114443","25","0","25"
"114444","28","0","28"
"114445","42","42","0"
"114446","40","40","0"
"114447","32","32","0"
"114448","23","0","23"
"114449","22","0","22"
"114451","35","35","0"
"114452","26","26","0"
"114455","33","33","0"
"114456","29","0","29"
"114457","17","0","17"
"114458","52","52","0"
"114460","39","39","0"
"114461","36","0","36"
"114462","41","41","0"
"114464","23","23","0"
"114466","33","33","0"
"114467","34","0","34"
"114468","21","0","21"
"114469","34","34","0"
"114471","24","0","24"
"114472","20","0","20"
"114473","33","0","33"
"114475","36","36","0"
"114478","40","40","0"
"114479","24","0","24"
"114480","37","37","0"
"114481","28","0","28"
"114483","31","31","0"
"114485","31","31","0"
"114486","32","32","0"
"114489","27","27","0"
"114490","33","33","0"
"114492","18","0","18"
"114493","32","32","0"
"114494","20","0","20"
"114496","33","33","0"
"114498","43","43","0"
"114499","36","36","0"
"114500","34","34","0"
"114501","31","0","31"
"114502","28","28","0"
"114503","39","39","0"
"114505","39","39","0"
"114506","29","29","0"
"114507","33","0","33"
"114510","27","27","0"
"114511","26","0","26"
"114513","26","26","0"
"114515","23","0","23"
"114516","45","45","0"
"114518","29","0","29"
"114521","19","0","19"
"114522","21","0","21"
"114523","23","0","23"
"114524","36","36","0"
"114525","37","37","0"
"114526","44","44","0"
"114527","25","0","25"
"114528","28","0","28"
"114530","45","45","0"
"114531","36","0","36"
"114532","43","43","0"
"114534","38","38","0"
"114535","31","31","0"
"114537","32","0","32"
"114538","23","0","23"
"114539","20","0","20"
"114540","25","0","25"
"114541","24","0","24"
"114542","35","35","0"
"114543","24","0","24"
"114544","25","0","25"
"114545","28","0","28"
"114547","44","44","0"
"114550","22","0","22"
"114553","34","34","0"
"114555","39","39","0"
"114556","26","0","26"
"114557","32","32","0"
"114558","35","35","0"
"114559","25","0","25"
"114560","22","0","22"
"114561","38","38","0"
"114562","28","0","28"
"114563","26","0","26"
"114564","31","0","31"
"114565","29","0","29"
"114566","35","35","0"
"114567","33","33","0"
"114568","23","0","23"
"114569","28","28","0"
"114570","33","33","0"
"114571","31","0","31"
"114572","35","35","0"
"114573","27","0","27"
"114574","31","0","31"
"114575","18","0","18"
"114576","35","35","0"
"114577","27","0","27"
"114578","30","30","0"
"114580","46","46","0"
"114581","32","32","0"
"114582","35","35","0"
"114583","34","0","34"
"114584","17","0","17"
"114585","26","0","26"
"114586","38","38","0"
"114587","25","0","25"
"114588","47","47","0"
"114589","37","37","0"
"114591","19","0","19"
"114592","19","0","19"
"114594","37","37","0"
"114595","41","41","0"
"114596","25","0","25"
"114597","34","0","34"
"114599","41","41","0"
"114600","36","36","0"
"114601","26","0","26"
"114603","35","35","0"
"114604","27","0","27"
"114605","37","0","37"
"114607","18","0","18"
"114608","35","35","0"
"114611","37","37","0"
"114614","26","0","26"
"114615","32","32","0"
"114617","38","38","0"
"114618","34","34","0"
"114619","29","29","0"
"114620","39","39","0"
"114624","51","51","0"
"114626","18","0","18"
"114629","21","0","21"
"114630","22","0","22"
"114631","29","0","29"
"114632","21","0","21"
"114637","26","0","26"
"114638","37","37","0"
"114640","23","0","23"
"114641","35","0","35"
"114643","35","35","0"
"114644","27","27","0"
"114645","34","0","34"
"114647","37","0","37"
"114648","34","34","0"
"114649","27","27","0"
"114652","15","0","15"
"114654","20","0","20"
"114656","28","0","28"
"114658","19","0","19"
"114659","30","0","30"
"114660","36","36","0"
"114661","17","0","17"
"114662","20","0","20"
"114664","35","35","0"
"114665","39","39","0"
"114666","24","0","24"
"114668","30","0","30"
"114669","26","0","26"
"114671","36","0","36"
"114672","23","0","23"
"114674","35","35","0"
"114675","28","0","28"
"114676","34","34","0"
"114677","33","33","0"
"114678","26","0","26"
"114680","30","0","30"
"114681","21","0","21"
"114682","14","0","14"
"114683","28","0","28"
"114684","21","0","21"
"114685","30","30","0"
"114686","53","53","0"
"114687","25","0","25"
"114688","20","0","20"
"114689","27","0","27"
"114690","35","0","35"
"114691","26","0","26"
"114694","34","34","0"
"114695","24","24","0"
"114696","28","0","28"
"114697","35","0","35"
"114698","27","27","0"
"114699","30","0","30"
"114700","43","43","0"
"114701","41","41","0"
"114702","32","0","32"
"114703","28","0","28"
"114704","42","42","0"
"114705","25","0","25"
"114706","20","0","20"
"114707","34","34","0"
"114708","28","28","0"
"114710","33","33","0"
"114712","27","0","27"
"114713","21","0","21"
"114716","33","33","0"
"114717","32","32","0"
"114718","26","0","26"
"114719","26","0","26"
"114721","20","0","20"
"114722","31","31","0"
"114724","27","0","27"
"114725","26","0","26"
"114727","37","37","0"
"114728","34","34","0"
"114731","36","36","0"
"114732","28","0","28"
"114733","22","0","22"
"114735","28","0","28"
"114736","23","0","23"
"114737","17","0","17"
"114738","37","37","0"
"114739","31","0","31"
"114740","23","0","23"
"114741","23","0","23"
"114742","49","49","0"
"114743","23","0","23"
"114744","19","0","19"
"114746","27","0","27"
"114747","27","0","27"
"114748","21","21","0"
"114749","26","0","26"
"114751","27","27","0"
"114752","40","40","0"
"114754","34","34","0"
"114755","19","0","19"
"114756","47","47","0"
"114757","32","32","0"
"114758","37","37","0"
"114759","41","41","0"
"114760","35","35","0"
"114764","33","33","0"
"114765","42","42","0"
"114766","31","31","0"
"114767","32","32","0"
"114768","30","0","30"
"114769","41","41","0"
"114770","29","0","29"
"114773","32","32","0"
"114774","41","41","0"
"114775","25","0","25"
"114776","24","24","0"
"114778","28","0","28"
"114779","46","46","0"
"114780","41","41","0"
"114782","21","0","21"
"114784","37","37","0"
"114785","44","44","0"
"114787","24","0","24"
"114788","32","32","0"
"114789","17","0","17"
"114790","34","34","0"
"114791","30","30","0"
"114795","27","0","27"
"114796","33","33","0"
"114797","34","34","0"
"114798","38","0","38"
"114799","25","0","25"
"114800","30","30","0"
"114802","22","0","22"
"114804","28","0","28"
"114805","28","0","28"
"114808","30","30","0"
"114809","26","0","26"
"114810","33","0","33"
"114815","41","41","0"
"114816","26","0","26"
"114817","28","28","0"
"114818","19","0","19"
"114819","44","44","0"
"114820","53","53","0"
"114821","38","38","0"
"114822","31","31","0"
"114823","47","47","0"
"114824","30","30","0"
"114825","26","0","26"
"114826","28","0","28"
"114827","24","0","24"
"114828","39","39","0"
"114829","32","32","0"
"114831","27","27","0"
"114832","42","42","0"
"114834","34","0","34"
"114835","31","0","31"
"114837","32","32","0"
"114838","30","0","30"
"114840","44","44","0"
"114841","36","36","0"
"114842","32","32","0"
"114844","36","36","0"
"114845","35","35","0"
"114846","49","49","0"
"114847","28","28","0"
"114849","25","0","25"
"114850","36","0","36"
"114851","18","0","18"
"114852","25","0","25"
"114853","34","34","0"
"114857","34","34","0"
"114859","29","29","0"
"114860","21","0","21"
"114861","52","52","0"
"114862","28","28","0"
"114863","49","49","0"
"114865","39","39","0"
"114866","24","0","24"
"114868","41","0","41"
"114869","45","45","0"
"114871","23","0","23"
"114875","21","0","21"
"114877","39","39","0"
"114878","22","0","22"
"114880","38","38","0"
"114881","33","33","0"
"114882","31","0","31"
"114883","35","0","35"
"114885","36","36","0"
"114887","29","0","29"
"114888","28","0","28"
"114889","39","39","0"
"114893","26","26","0"
"114894","41","41","0"
"114895","50","50","0"
"114896","29","29","0"
"114897","25","0","25"
"114898","28","0","28"
"114899","31","31","0"
"114900","23","0","23"
"114901","24","0","24"
"114903","46","46","0"
"114904","38","38","0"
"114905","33","33","0"
"114906","38","38","0"
"114908","18","0","18"
"114910","15","0","15"
"114912","26","0","26"
"114913","41","41","0"
"114915","28","0","28"
"114916","37","37","0"
"114917","35","35","0"
"114918","29","0","29"
"114920","30","0","30"
"114921","29","29","0"
"114923","21","0","21"
"114924","32","0","32"
"114926","14","0","14"
"114928","26","26","0"
"114929","34","34","0"
"114930","30","30","0"
"114931","33","33","0"
"114932","38","38","0"
"114935","37","37","0"
"114936","24","0","24"
"114937","33","33","0"
"114938","25","0","25"
"114939","21","0","21"
"114940","22","0","22"
"114942","28","28","0"
"114943","45","45","0"
"114944","38","38","0"
"114945","24","24","0"
"114946","36","36","0"
"114949","22","0","22"
"114950","34","34","0"
"114951","50","50","0"
"114952","31","31","0"
"114955","28","0","28"
"114957","19","0","19"
"114958","37","37","0"
"114959","45","0","45"
"114960","37","37","0"
"114961","40","40","0"
"114962","26","0","26"
"114963","36","0","36"
"114964","45","45","0"
"114966","29","0","29"
"114967","33","33","0"
"114969","39","39","0"
"114970","26","0","26"
"114971","23","0","23"
"114973","44","44","0"
"114974","33","33","0"
"114975","30","30","0"
"114976","22","0","22"
"114977","30","30","0"
"114978","50","50","0"
"114980","40","40","0"
"114981","24","0","24"
"114983","34","34","0"
"114984","31","31","0"
"114985","36","0","36"
"114986","32","32","0"
"114987","21","0","21"
"114988","49","49","0"
"114989","18","0","18"
"114991","40","40","0"
"114992","29","0","29"
"114993","29","0","29"
"114995","35","35","0"
"114996","26","0","26"
"114997","23","0","23"
"114998","26","0","26"
"115000","15","0","15"
"115002","23","0","23"
"115003","28","0","28"
"115005","18","0","18"
"115006","23","0","23"
"115008","20","0","20"
"115009","41","41","0"
"115010","22","22","0"
"115011","44","44","0"
"115012","34","34","0"
"115014","32","32","0"
"115015","21","0","21"
"115016","39","39","0"
"115019","41","41","0"
"115020","31","31","0"
"115022","28","0","28"
"115023","31","31","0"
"115024","41","41","0"
"115025","28","0","28"
"115026","47","47","0"
"115028","20","0","20"
"115029","35","35","0"
"115030","36","36","0"
"115031","48","48","0"
"115032","34","0","34"
"115033","21","0","21"
"115034","37","37","0"
"115035","34","0","34"
"115036","23","0","23"
"115037","24","0","24"
"115038","25","0","25"
"115039","44","44","0"
"115040","41","41","0"
"115041","31","31","0"
"115042","42","42","0"
"115044","33","33","0"
"115045","15","0","15"
"115048","26","0","26"
"115050","21","0","21"
"115054","42","42","0"
"115055","17","0","17"
"115056","36","36","0"
"115057","27","0","27"
"115059","39","39","0"
"115061","32","0","32"
"115062","26","26","0"
"115063","39","39","0"
"115064","32","32","0"
"115065","28","28","0"
"115066","38","38","0"
"115067","33","33","0"
"115070","29","0","29"
"115071","22","0","22"
"115072","34","34","0"
"115073","24","0","24"
"115074","30","0","30"
"115075","33","33","0"
"115076","31","0","31"
"115077","31","31","0"
"115078","36","0","36"
"115081","21","0","21"
"115082","37","37","0"
"115083","38","38","0"
"115084","32","0","32"
"115085","28","0","28"
"115086","33","0","33"
"115087","26","0","26"
"115088","32","32","0"
"115093","23","0","23"
"115095","44","44","0"
"115096","26","0","26"
"115097","39","39","0"
"115098","26","0","26"
"115099","31","31","0"
"115101","22","0","22"
"115103","36","36","0"
"115104","35","35","0"
"115105","36","36","0"
"115106","48","48","0"
"115107","21","0","21"
"115108","34","34","0"
"115109","50","50","0"
"115110","40","40","0"
"115112","29","29","0"
"115114","41","41","0"
"115115","33","33","0"
"115116","23","0","23"
"115117","20","0","20"
"115118","45","45","0"
"115119","33","33","0"
"115120","37","37","0"
"115122","18","0","18"
"115123","27","27","0"
"115124","25","25","0"
"115125","41","41","0"
"115126","23","0","23"
"115130","27","0","27"
"115132","37","37","0"
"115133","33","33","0"
"115134","22","0","22"
"115136","27","0","27"
"115138","36","36","0"
"115139","42","42","0"
"115140","27","0","27"
"115141","39","39","0"
"115143","39","39","0"
"115144","26","0","26"
"115145","22","0","22"
"115146","19","0","19"
"115148","35","35","0"
"115149","21","0","21"
"115150","36","36","0"
"115152","30","0","30"
"115153","20","0","20"
"115154","25","0","25"
"115155","23","0","23"
"115156","31","31","0"
"115157","25","0","25"
"115158","22","22","0"
"115160","30","0","30"
"115162","44","44","0"
"115163","31","31","0"
"115164","26","0","26"
"115166","39","39","0"
"115167","18","0","18"
"115168","24","0","24"
"115170","31","31","0"
"115171","32","0","32"
"115172","34","34","0"
"115173","21","0","21"
"115174","29","29","0"
"115175","28","28","0"
"115178","29","0","29"
"115179","27","0","27"
"115180","31","31","0"
"115185","42","42","0"
"115186","24","0","24"
"115188","35","35","0"
"115189","34","34","0"
"115190","22","22","0"
"115191","29","0","29"
"115192","17","0","17"
"115193","34","34","0"
"115195","24","0","24"
"115196","40","40","0"
"115197","39","39","0"
"115198","26","0","26"
"115199","28","0","28"
"115200","23","0","23"
"115204","44","44","0"
"115206","36","36","0"
"115207","56","56","0"
"115209","19","0","19"
"115210","21","0","21"
"115212","33","0","33"
"115214","31","31","0"
"115215","31","0","31"
"115218","24","0","24"
"115219","35","0","35"
"115220","37","37","0"
"115223","27","0","27"
"115224","48","48","0"
"115225","35","35","0"
"115227","37","37","0"
"115228","27","27","0"
"115229","26","26","0"
"115232","42","42","0"
"115235","40","40","0"
"115236","42","42","0"
"115238","42","42","0"
"115240","32","32","0"
"115241","24","0","24"
"115242","27","0","27"
"115243","28","0","28"
"115244","34","0","34"
"115245","27","0","27"
"115246","37","37","0"
"115247","23","0","23"
"115248","34","34","0"
"115249","30","0","30"
"115250","39","39","0"
"115251","27","0","27"
"115254","28","0","28"
"115256","35","35","0"
"115257","35","35","0"
"115258","28","0","28"
"115259","22","0","22"
"115261","32","32","0"
"115262","21","0","21"
"115263","37","37","0"
"115264","38","38","0"
"115267","46","46","0"
"115269","34","34","0"
"115270","30","0","30"
"115271","38","0","38"
"115272","37","37","0"
"115273","47","47","0"
"115275","34","34","0"
"115277","29","0","29"
"115278","38","38","0"
"115280","39","0","39"
"115283","27","0","27"
"115284","26","26","0"
"115285","26","0","26"
"115286","30","30","0"
"115288","34","34","0"
"115289","31","31","0"
"115290","26","0","26"
"115291","27","0","27"
"115292","20","0","20"
"115293","23","0","23"
"115294","40","40","0"
"115296","19","0","19"
"115297","36","36","0"
"115298","33","33","0"
"115303","29","0","29"
"115304","41","41","0"
"115306","35","35","0"
"115307","33","33","0"
"115310","34","34","0"
"115311","39","39","0"
"115312","33","33","0"
"115314","26","26","0"
"115315","20","0","20"
"115319","42","42","0"
"115320","46","46","0"
"115321","28","0","28"
"115323","25","0","25"
"115325","27","0","27"
"115327","30","30","0"
"115329","28","0","28"
"115330","29","29","0"
"115331","27","0","27"
"115333","40","40","0"
"115336","45","0","45"
"115337","31","31","0"
"115338","32","32","0"
"115339","19","19","0"
"115342","29","29","0"
"115343","30","0","30"
"115344","23","0","23"
"115345","42","42","0"
"115347","23","0","23"
"115348","24","0","24"
"115349","26","0","26"
"115350","25","0","25"
"115351","34","34","0"
"115353","27","27","0"
"115355","35","0","35"
"115356","19","0","19"
"115358","28","28","0"
"115359","26","0","26"
"115360","44","44","0"
"115361","28","0","28"
"115362","28","0","28"
"115365","37","37","0"
"115367","28","0","28"
"115368","28","0","28"
"115369","32","0","32"
"115370","27","27","0"
"115371","34","34","0"
"115372","47","47","0"
"115374","28","0","28"
"115376","25","0","25"
"115377","41","41","0"
"115378","23","0","23"
"115380","33","33","0"
"115383","38","38","0"
"115384","25","0","25"
"115385","16","0","16"
"115386","23","0","23"
"115388","31","31","0"
"115389","19","0","19"
"115390","31","31","0"
"115392","33","33","0"
"115393","32","0","32"
"115394","35","35","0"
"115395","33","33","0"
"115396","43","43","0"
"115398","41","41","0"
"115399","39","39","0"
"115401","28","0","28"
"115402","26","0","26"
"115403","22","0","22"
"115405","33","33","0"
"115406","37","0","37"
"115408","31","0","31"
"115409","45","45","0"
"115410","32","0","32"
"115411","30","0","30"
"115413","45","45","0"
"115414","32","32","0"
"115416","26","0","26"
"115417","21","0","21"
"115418","28","0","28"
"115419","16","0","16"
"115423","24","0","24"
"115424","38","38","0"
"115426","23","0","23"
"115428","43","43","0"
"115429","40","40","0"
"115431","18","0","18"
"115432","29","0","29"
"115433","26","0","26"
"115434","40","40","0"
"115436","48","48","0"
"115437","30","0","30"
"115438","25","0","25"
"115439","15","0","15"
"115440","21","0","21"
"115442","26","26","0"
"115444","24","24","0"
"115445","47","47","0"
"115446","57","57","0"
"115447","25","25","0"
"115448","27","0","27"
"115449","35","35","0"
"115450","32","0","32"
"115451","44","44","0"
"115452","25","0","25"
"115453","34","34","0"
"115455","49","49","0"
"115456","18","0","18"
"115458","24","0","24"
"115460","33","33","0"
"115461","41","41","0"
"115462","26","0","26"
"115463","39","39","0"
"115464","27","0","27"
"115465","24","0","24"
"115466","26","0","26"
"115467","28","0","28"
"115468","25","0","25"
"115470","31","31","0"
"115474","36","36","0"
"115476","41","41","0"
"115478","27","0","27"
"115479","25","0","25"
"115480","34","34","0"
"115481","31","0","31"
"115482","21","0","21"
"115486","23","0","23"
"115487","15","0","15"
"115489","38","38","0"
"115491","24","0","24"
"115492","31","31","0"
"115495","36","36","0"
"115497","31","0","31"
"115498","17","0","17"
"115499","30","0","30"
"115502","24","0","24"
"115503","28","0","28"
"115506","39","39","0"
"115507","35","35","0"
"115509","16","0","16"
"115512","37","37","0"
"115513","35","35","0"
"115514","23","0","23"
"115515","34","34","0"
"115516","27","0","27"
"115517","37","37","0"
"115518","39","0","39"
"115519","22","0","22"
"115520","43","43","0"
"115521","39","39","0"
"115522","33","33","0"
"115524","21","0","21"
"115525","27","0","27"
"115526","25","25","0"
"115527","39","39","0"
"115528","33","0","33"
"115529","44","44","0"
"115530","39","39","0"
"115531","38","38","0"
"115533","31","0","31"
"115534","25","0","25"
"115537","33","0","33"
"115538","32","0","32"
"115539","31","0","31"
"115540","36","0","36"
"115542","19","0","19"
"115544","19","0","19"
"115545","19","0","19"
"115547","34","34","0"
"115548","22","0","22"
"115550","26","0","26"
"115552","39","39","0"
"115555","34","34","0"
"115556","31","0","31"
"115557","32","32","0"
"115558","36","36","0"
"115560","32","32","0"
"115561","32","32","0"
"115563","32","32","0"
"115565","18","0","18"
"115567","24","0","24"
"115568","21","0","21"
"115569","18","0","18"
"115570","31","0","31"
"115571","21","0","21"
"115572","38","38","0"
"115573","19","0","19"
"115574","35","35","0"
"115576","31","31","0"
"115577","38","38","0"
"115580","31","0","31"
"115581","25","0","25"
"115584","19","0","19"
"115585","29","0","29"
"115589","23","0","23"
"115591","18","0","18"
"115592","14","0","14"
"115593","34","34","0"
"115595","32","32","0"
"115596","29","0","29"
"115597","39","39","0"
"115598","27","0","27"
"115599","22","0","22"
"115601","35","0","35"
"115602","22","0","22"
"115603","29","0","29"
"115604","22","0","22"
"115605","28","0","28"
"115607","25","0","25"
"115609","27","27","0"
"115610","27","0","27"
"115611","26","0","26"
"115613","38","38","0"
"115614","27","27","0"
"115615","28","28","0"
"115616","47","47","0"
"115618","39","39","0"
"115620","28","0","28"
"115622","33","33","0"
"115623","39","39","0"
"115624","40","40","0"
"115625","39","39","0"
"115626","24","0","24"
"115627","34","0","34"
"115628","23","0","23"
"115629","31","31","0"
"115630","32","0","32"
"115631","23","0","23"
"115632","38","38","0"
"115633","33","0","33"
"115634","28","0","28"
"115635","33","0","33"
"115636","23","0","23"
"115637","28","0","28"
"115638","33","33","0"
"115639","30","30","0"
"115640","48","48","0"
"115641","42","42","0"
"115642","29","0","29"
"115643","31","0","31"
"115645","35","35","0"
"115648","24","0","24"
"115650","29","29","0"
"115651","17","0","17"
"115652","24","0","24"
"115654","29","0","29"
"115655","38","38","0"
"115656","27","0","27"
"115657","36","0","36"
"115658","33","0","33"
"115659","35","0","35"
"115660","23","0","23"
"115661","32","32","0"
"115663","31","31","0"
"115665","42","0","42"
"115667","26","0","26"
"115668","46","46","0"
"115669","28","0","28"
"115672","26","0","26"
"115673","43","43","0"
"115676","32","32","0"
"115677","27","0","27"
"115679","29","0","29"
"115680","34","34","0"
"115682","40","40","0"
"115684","30","0","30"
"115685","36","36","0"
"115686","28","28","0"
"115688","35","35","0"
"115690","35","35","0"
"115691","46","46","0"
"115692","27","0","27"
"115694","34","34","0"
"115695","37","37","0"
"115697","33","0","33"
"115698","28","28","0"
"115699","23","0","23"
"115700","36","36","0"
"115701","35","35","0"
"115702","28","0","28"
"115704","24","0","24"
"115705","42","42","0"
"115707","34","34","0"
"115709","25","0","25"
"115711","26","0","26"
"115712","26","0","26"
"115713","28","0","28"
"115715","28","0","28"
"115716","34","34","0"
"115718","41","41","0"
"115721","36","36","0"
"115722","28","0","28"
"115724","37","37","0"
"115725","34","34","0"
"115726","33","33","0"
"115728","25","0","25"
"115729","23","0","23"
"115730","37","37","0"
"115737","31","31","0"
"115739","43","43","0"
"115740","37","37","0"
"115741","26","0","26"
"115743","26","0","26"
"115745","24","0","24"
"115746","30","0","30"
"115747","35","35","0"
"115749","32","0","32"
"115750","36","36","0"
"115751","37","37","0"
"115753","30","0","30"
"115754","44","44","0"
"115757","30","0","30"
"115758","22","0","22"
"115759","41","41","0"
"115760","33","33","0"
"115762","46","46","0"
"115763","23","0","23"
"115764","46","46","0"
"115765","45","45","0"
"115768","19","0","19"
"115770","31","31","0"
"115772","43","43","0"
"115773","26","0","26"
"115775","24","0","24"
"115776","41","41","0"
"115777","21","0","21"
"115779","34","34","0"
"115780","26","0","26"
"115782","32","32","0"
"115783","35","0","35"
"115785","33","0","33"
"115786","25","25","0"
"115787","34","34","0"
"115788","28","0","28"
"115789","25","0","25"
"115792","25","0","25"
"115794","37","37","0"
"115797","35","35","0"
"115798","28","28","0"
"115799","29","29","0"
"115800","20","0","20"
"115801","30","0","30"
"115802","43","43","0"
"115803","25","0","25"
"115805","30","30","0"
"115806","33","33","0"
"115807","49","49","0"
"115808","25","0","25"
"115811","44","44","0"
"115814","32","32","0"
"115817","26","0","26"
"115818","26","26","0"
"115819","29","0","29"
"115820","33","33","0"
"115821","18","0","18"
"115824","30","30","0"
"115826","29","29","0"
"115827","34","0","34"
"115828","33","33","0"
"115830","33","33","0"
"115831","23","0","23"
"115833","27","0","27"
"115834","38","38","0"
"115836","23","0","23"
"115837","26","26","0"
"115838","25","25","0"
"115839","23","0","23"
"115840","13","0","13"
"115841","37","37","0"
"115842","21","0","21"
"115843","23","0","23"
"115845","36","36","0"
"115847","30","30","0"
"115848","49","49","0"
"115850","31","31","0"
"115851","24","0","24"
"115853","31","31","0"
"115854","31","0","31"
"115858","24","0","24"
"115861","30","0","30"
"115862","29","0","29"
"115863","23","0","23"
"115864","39","39","0"
"115867","37","37","0"
"115869","28","0","28"
"115871","30","0","30"
"115872","31","0","31"
"115873","28","0","28"
"115874","37","0","37"
"115875","43","43","0"
"115878","24","0","24"
"115879","36","36","0"
"115881","33","33","0"
"115882","27","0","27"
"115883","26","26","0"
"115884","22","0","22"
"115885","22","0","22"
"115887","19","0","19"
"115888","45","45","0"
"115890","32","32","0"
"115892","32","32","0"
"115893","29","0","29"
"115896","26","0","26"
"115897","32","32","0"
"115898","32","32","0"
"115899","20","0","20"
"115900","32","32","0"
"115901","21","0","21"
"115904","22","0","22"
"115908","35","35","0"
"115909","29","0","29"
"115910","26","0","26"
"115912","36","36","0"
"115913","48","48","0"
"115914","28","0","28"
"115915","32","32","0"
"115918","21","0","21"
"115919","37","0","37"
"115920","39","39","0"
"115921","21","0","21"
"115922","23","0","23"
"115924","37","0","37"
"115925","28","0","28"
"115926","39","39","0"
"115930","34","34","0"
"115931","25","25","0"
"115932","25","0","25"
"115935","25","25","0"
"115937","34","34","0"
"115938","20","0","20"
"115939","31","31","0"
"115941","46","46","0"
"115942","34","34","0"
"115943","38","38","0"
"115944","36","36","0"
"115945","29","29","0"
"115946","29","0","29"
"115947","32","0","32"
"115948","33","0","33"
"115949","41","0","41"
"115950","34","34","0"
"115951","39","39","0"
"115952","30","0","30"
"115953","27","0","27"
"115954","25","0","25"
"115955","26","0","26"
"115956","40","40","0"
"115957","38","38","0"
"115958","43","43","0"
"115959","20","0","20"
"115961","29","29","0"
"115962","28","0","28"
"115963","15","0","15"
"115964","19","0","19"
"115965","42","42","0"
"115966","38","38","0"
"115967","16","0","16"
"115968","32","32","0"
"115971","26","0","26"
"115972","30","30","0"
"115974","36","36","0"
"115976","41","0","41"
"115978","39","39","0"
"115979","30","0","30"
"115982","30","30","0"
"115984","33","33","0"
"115986","36","36","0"
"115987","25","0","25"
"115988","26","0","26"
"115991","24","0","24"
"115994","31","31","0"
"115995","18","0","18"
"115996","33","33","0"
"115997","51","51","0"
"116000","31","0","31"
"116001","27","0","27"
"116003","32","32","0"
"116005","30","0","30"
"116007","38","38","0"
"116010","23","0","23"
"116011","34","34","0"
"116012","33","33","0"
"116013","27","0","27"
"116016","19","0","19"
"116017","24","0","24"
"116018","18","0","18"
"116019","29","0","29"
"116020","32","32","0"
"116021","39","39","0"
"116023","28","28","0"
"116024","28","28","0"
"116026","29","0","29"
"116028","22","0","22"
"116030","21","0","21"
"116033","37","37","0"
"116036","40","40","0"
"116037","38","38","0"
"116038","37","37","0"
"116039","38","38","0"
"116040","30","0","30"
"116041","33","33","0"
"116042","26","0","26"
"116043","17","0","17"
"116044","27","0","27"
"116045","40","40","0"
"116047","23","23","0"
"116048","24","0","24"
"116049","39","39","0"
"116050","37","37","0"
"116052","23","0","23"
"116053","21","0","21"
"116055","32","32","0"
"116056","31","31","0"
"116057","25","0","25"
"116058","30","0","30"
"116061","26","0","26"
"116062","27","27","0"
"116063","24","0","24"
"116064","20","0","20"
"116067","30","30","0"
"116068","42","42","0"
"116070","41","41","0"
"116071","34","34","0"
"116072","22","0","22"
"116073","30","0","30"
"116074","29","0","29"
"116076","15","0","15"
"116078","16","0","16"
"116080","33","33","0"
"116081","27","27","0"
"116082","47","47","0"
"116083","39","39","0"
"116085","21","0","21"
"116086","42","42","0"
"116087","22","0","22"
"116088","38","38","0"
"116089","21","0","21"
"116090","21","0","21"
"116093","38","38","0"
"116094","21","0","21"
"116095","37","37","0"
"116096","40","40","0"
"116098","29","29","0"
"116099","33","33","0"
"116101","41","41","0"
"116103","35","35","0"
"116105","28","0","28"
"116107","34","34","0"
"116109","22","0","22"
"116110","29","29","0"
"116111","26","0","26"
"116114","33","33","0"
"116115","38","38","0"
"116117","31","31","0"
"116119","38","38","0"
"116121","43","43","0"
"116123","29","29","0"
"116124","33","0","33"
"116125","31","0","31"
"116127","25","0","25"
"116128","24","0","24"
"116129","33","33","0"
"116130","37","37","0"
"116131","21","0","21"
"116133","35","35","0"
"116135","34","34","0"
"116136","31","0","31"
"116137","26","0","26"
"116138","45","45","0"
"116139","24","0","24"
"116140","19","0","19"
"116141","26","0","26"
"116144","28","28","0"
"116146","22","0","22"
"116148","35","35","0"
"116151","17","0","17"
"116152","27","27","0"
"116153","22","0","22"
"116154","32","32","0"
"116155","25","0","25"
"116156","31","0","31"
"116157","24","24","0"
"116158","32","32","0"
"116160","25","25","0"
"116162","30","0","30"
"116163","34","34","0"
"116166","46","46","0"
"116167","36","36","0"
"116169","39","39","0"
"116170","36","36","0"
"116171","27","0","27"
"116172","33","33","0"
"116173","32","0","32"
"116176","22","0","22"
"116177","41","0","41"
"116179","31","0","31"
"116180","20","0","20"
"116183","24","0","24"
"116184","20","0","20"
"116186","20","0","20"
"116187","39","39","0"
"116189","31","31","0"
"116191","33","33","0"
"116193","43","43","0"
"116194","27","0","27"
"116195","32","32","0"
"116196","26","0","26"
"116201","34","0","34"
"116202","43","43","0"
"116203","28","0","28"
"116204","30","0","30"
"116205","32","32","0"
"116207","40","40","0"
"116208","25","0","25"
"116209","34","34","0"
"116211","34","34","0"
"116212","34","34","0"
"116213","28","28","0"
"116214","30","0","30"
"116215","34","34","0"
"116218","23","0","23"
"116219","30","30","0"
"116220","27","0","27"
"116221","22","0","22"
"116222","35","35","0"
"116224","27","0","27"
"116226","28","0","28"
"116227","39","39","0"
"116229","24","0","24"
"116231","37","37","0"
"116232","42","42","0"
"116234","31","31","0"
"116237","37","37","0"
"116239","37","37","0"
"116240","24","0","24"
"116241","33","0","33"
"116243","26","0","26"
"116244","27","0","27"
"116245","31","0","31"
"116246","24","0","24"
"116247","27","0","27"
"116249","36","0","36"
"116250","35","35","0"
"116251","25","0","25"
"116252","43","43","0"
"116253","25","0","25"
"116254","36","36","0"
"116255","40","40","0"
"116256","23","0","23"
"116258","31","31","0"
"116259","26","0","26"
"116261","33","33","0"
"116262","18","0","18"
"116265","46","46","0"
"116267","34","0","34"
"116268","16","0","16"
"116269","41","41","0"
"116271","26","0","26"
"116272","19","0","19"
"116273","22","0","22"
"116276","31","0","31"
"116277","23","0","23"
"116279","35","35","0"
"116282","23","23","0"
"116284","42","42","0"
"116288","30","30","0"
"116289","31","31","0"
"116290","33","33","0"
"116291","30","0","30"
"116292","31","31","0"
"116293","43","43","0"
"116294","28","0","28"
"116295","33","33","0"
"116296","17","0","17"
"116297","29","0","29"
"116298","38","38","0"
"116300","27","0","27"
"116301","29","29","0"
"116303","22","0","22"
"116304","19","0","19"
"116305","21","0","21"
"116307","34","0","34"
"116308","26","0","26"
"116309","32","32","0"
"116310","35","0","35"
"116312","41","41","0"
"116313","33","33","0"
"116315","29","0","29"
"116317","29","0","29"
"116319","23","0","23"
"116320","39","39","0"
"116321","44","44","0"
"116324","36","36","0"
"116326","39","39","0"
"116327","41","41","0"
"116329","32","32","0"
"116330","23","0","23"
"116332","37","37","0"
"116333","47","47","0"
"116336","34","34","0"
"116337","21","0","21"
"116338","29","0","29"
"116340","32","32","0"
"116341","20","20","0"
"116343","40","40","0"
"116344","31","0","31"
"116345","40","40","0"
"116346","33","0","33"
"116347","30","0","30"
"116349","32","32","0"
"116350","35","0","35"
"116352","35","35","0"
"116354","27","27","0"
"116355","43","43","0"
"116357","31","0","31"
"116358","31","31","0"
"116359","24","0","24"
"116360","32","32","0"
"116363","31","31","0"
"116364","35","35","0"
"116365","43","43","0"
"116366","19","0","19"
"116367","34","34","0"
"116369","42","42","0"
"116370","18","0","18"
"116371","26","0","26"
"116373","22","0","22"
"116374","31","0","31"
"116375","25","0","25"
"116377","19","0","19"
"116378","30","0","30"
"116379","28","0","28"
"116382","37","37","0"
"116384","43","43","0"
"116385","38","38","0"
"116386","22","0","22"
"116387","35","35","0"
"116388","21","0","21"
"116389","34","34","0"
"116390","26","0","26"
"116391","26","0","26"
"116392","31","0","31"
"116393","40","40","0"
"116395","31","31","0"
"116397","41","41","0"
"116398","29","0","29"
"116399","32","32","0"
"116400","43","43","0"
"116402","26","0","26"
"116403","30","0","30"
"116404","33","0","33"
"116405","43","43","0"
"116409","36","36","0"
"116410","15","0","15"
"116411","28","0","28"
"116413","35","35","0"
"116414","27","0","27"
"116416","23","0","23"
"116417","36","36","0"
"116418","25","25","0"
"116419","29","0","29"
"116420","28","0","28"
"116421","20","0","20"
"116422","39","39","0"
"116423","26","0","26"
"116424","25","0","25"
"116426","26","0","26"
"116427","21","0","21"
"116428","31","31","0"
"116431","35","35","0"
"116432","23","0","23"
"116433","34","34","0"
"116435","26","0","26"
"116437","35","35","0"
"116438","32","0","32"
"116440","43","43","0"
"116441","28","0","28"
"116444","17","0","17"
"116446","35","35","0"
"116447","30","30","0"
"116448","40","40","0"
"116449","20","0","20"
"116450","40","40","0"
"116451","40","40","0"
"116454","20","0","20"
"116458","27","0","27"
"116460","39","39","0"
"116461","23","0","23"
"116462","33","33","0"
"116463","36","36","0"
"116464","27","0","27"
"116465","33","0","33"
"116466","23","0","23"
"116467","22","22","0"
"116469","38","0","38"
"116470","18","0","18"
"116472","30","30","0"
"116473","36","36","0"
"116475","29","0","29"
"116477","30","30","0"
"116479","46","46","0"
"116480","36","36","0"
"116484","28","0","28"
"116485","27","0","27"
"116486","27","0","27"
"116487","29","29","0"
"116488","38","38","0"
"116489","24","0","24"
"116491","29","29","0"
"116492","31","0","31"
"116493","31","0","31"
"116494","36","36","0"
"116496","37","37","0"
"116497","33","33","0"
"116500","36","36","0"
"116501","32","32","0"
"116502","23","0","23"
"116503","41","41","0"
"116504","19","0","19"
"116505","27","27","0"
"116512","35","35","0"
"116513","41","41","0"
"116514","27","27","0"
"116516","28","0","28"
"116517","29","29","0"
"116518","37","37","0"
"116519","33","0","33"
"116520","29","0","29"
"116521","24","0","24"
"116523","27","0","27"
"116524","37","37","0"
"116525","49","49","0"
"116526","17","17","0"
"116527","31","0","31"
"116528","16","0","16"
"116529","21","0","21"
"116531","39","39","0"
"116532","35","0","35"
"116533","31","31","0"
"116536","30","0","30"
"116537","27","0","27"
"116538","42","42","0"
"116542","22","0","22"
"116543","31","31","0"
"116544","27","0","27"
"116545","33","33","0"
"116547","24","0","24"
"116549","30","0","30"
"116551","25","0","25"
"116553","22","0","22"
"116556","22","0","22"
"116557","36","0","36"
"116559","44","44","0"
"116560","40","40","0"
"116561","49","49","0"
"116562","26","0","26"
"116563","23","0","23"
"116564","35","35","0"
"116566","28","0","28"
"116567","42","42","0"
"116569","20","0","20"
"116570","46","46","0"
"116573","31","0","31"
"116576","28","0","28"
"116578","36","36","0"
"116580","29","0","29"
"116582","30","30","0"
"116583","29","0","29"
"116584","25","0","25"
"116585","33","33","0"
"116586","29","0","29"
"116587","26","0","26"
"116588","38","38","0"
"116589","35","35","0"
"116590","34","34","0"
"116591","32","0","32"
"116593","45","45","0"
"116595","23","0","23"
"116596","30","30","0"
"116600","38","38","0"
"116601","36","0","36"
"116602","22","0","22"
"116604","27","27","0"
"116605","27","0","27"
"116607","48","48","0"
"116609","36","36","0"
"116610","28","0","28"
"116611","30","0","30"
"116619","36","0","36"
"116621","36","36","0"
"116622","34","34","0"
"116623","24","0","24"
"116624","18","0","18"
"116625","36","36","0"
"116627","22","0","22"
"116628","38","38","0"
"116629","30","0","30"
"116630","35","35","0"
"116632","21","0","21"
"116634","23","0","23"
"116635","32","32","0"
"116637","28","0","28"
"116640","29","0","29"
"116644","27","0","27"
"116646","24","0","24"
"116647","28","0","28"
"116648","22","0","22"
"116649","48","48","0"
"116651","37","37","0"
"116653","21","0","21"
"116654","32","32","0"
"116655","23","0","23"
"116658","27","27","0"
"116660","45","45","0"
"116661","35","0","35"
"116663","31","0","31"
"116664","40","40","0"
"116665","30","0","30"
"116666","34","0","34"
"116667","35","35","0"
"116668","23","0","23"
"116669","41","41","0"
"116670","27","0","27"
"116671","32","32","0"
"116676","35","35","0"
"116677","27","0","27"
"116678","41","41","0"
"116679","29","0","29"
"116680","39","39","0"
"116681","28","0","28"
"116682","25","0","25"
"116683","31","0","31"
"116684","36","36","0"
"116685","23","0","23"
"116686","40","40","0"
"116687","20","0","20"
"116692","33","0","33"
"116695","27","0","27"
"116696","34","0","34"
"116697","26","0","26"
"116698","31","0","31"
"116699","52","52","0"
"116700","42","42","0"
"116703","33","0","33"
"116704","44","44","0"
"116706","38","38","0"
"116707","38","38","0"
"116708","38","38","0"
"116710","24","0","24"
"116711","33","33","0"
"116712","30","0","30"
"116713","30","0","30"
"116714","34","34","0"
"116716","34","34","0"
"116717","40","40","0"
"116719","40","40","0"
"116720","28","0","28"
"116721","41","41","0"
"116722","23","0","23"
"116723","24","24","0"
"116725","25","0","25"
"116726","22","0","22"
"116727","22","0","22"
"116728","45","45","0"
"116731","37","37","0"
"116733","24","24","0"
"116735","26","0","26"
"116736","37","37","0"
"116738","26","0","26"
"116739","29","29","0"
"116740","40","40","0"
"116741","35","0","35"
"116742","27","27","0"
"116743","27","27","0"
"116744","38","38","0"
"116745","25","0","25"
"116746","29","29","0"
"116747","29","0","29"
"116748","30","30","0"
"116749","30","0","30"
"116750","34","34","0"
"116751","26","0","26"
"116752","22","0","22"
"116753","34","0","34"
"116755","42","42","0"
"116757","27","0","27"
"116759","37","37","0"
"116760","40","40","0"
"116764","18","0","18"
"116765","31","0","31"
"116767","22","0","22"
"116768","33","33","0"
"116769","26","0","26"
"116770","31","31","0"
"116771","32","0","32"
"116773","36","36","0"
"116774","40","40","0"
"116775","29","29","0"
"116776","21","0","21"
"116778","31","31","0"
"116779","25","0","25"
"116780","24","0","24"
"116783","34","34","0"
"116784","25","25","0"
"116787","22","0","22"
"116788","41","41","0"
"116789","48","48","0"
"116790","22","0","22"
"116791","41","41","0"
"116792","15","0","15"
"116797","29","29","0"
"116798","27","27","0"
"116799","24","0","24"
"116801","29","29","0"
"116803","39","39","0"
"116804","40","40","0"
"116805","27","0","27"
"116807","27","27","0"
"116809","31","31","0"
"116810","21","0","21"
"116811","44","44","0"
"116812","23","0","23"
"116813","23","0","23"
"116814","34","34","0"
"116816","37","37","0"
"116817","34","34","0"
"116818","26","0","26"
"116820","41","41","0"
"116821","34","0","34"
"116823","27","0","27"
"116829","42","42","0"
"116832","32","0","32"
"116833","21","0","21"
"116834","36","36","0"
"116835","19","0","19"
"116836","27","0","27"
"116837","26","0","26"
"116838","31","31","0"
"116839","38","38","0"
"116840","40","40","0"
"116841","34","34","0"
"116843","39","39","0"
"116845","32","0","32"
"116846","25","0","25"
"116847","43","43","0"
"116849","27","27","0"
"116850","28","0","28"
"116851","26","26","0"
"116852","24","24","0"
"116853","32","32","0"
"116854","29","0","29"
"116855","34","34","0"
"116857","47","47","0"
"116860","28","28","0"
"116861","20","0","20"
"116862","26","0","26"
"116863","23","0","23"
"116865","26","0","26"
"116866","25","0","25"
"116867","29","29","0"
"116868","35","35","0"
"116870","38","0","38"
"116871","27","0","27"
"116873","20","20","0"
"116875","33","0","33"
"116876","23","0","23"
"116877","44","44","0"
"116878","23","0","23"
"116879","31","31","0"
"116880","41","41","0"
"116882","24","0","24"
"116883","34","34","0"
"116884","42","42","0"
"116886","31","0","31"
"116887","27","0","27"
"116888","30","0","30"
"116889","18","0","18"
"116891","27","0","27"
"116892","23","0","23"
"116893","25","0","25"
"116894","35","0","35"
"116896","37","37","0"
"116897","38","38","0"
"116898","44","44","0"
"116901","31","0","31"
"116902","16","0","16"
"116904","35","0","35"
"116906","27","0","27"
"116907","21","0","21"
"116908","35","35","0"
"116909","18","0","18"
"116912","24","0","24"
"116914","28","28","0"
"116915","28","28","0"
"116917","21","0","21"
"116919","43","43","0"
"116924","24","0","24"
"116926","17","0","17"
"116928","26","0","26"
"116929","25","0","25"
"116930","29","0","29"
"116931","42","42","0"
"116932","26","0","26"
"116933","22","0","22"
"116935","21","0","21"
"116936","38","38","0"
"116939","29","0","29"
"116940","38","38","0"
"116942","27","0","27"
"116943","17","0","17"
"116944","29","29","0"
"116945","30","0","30"
"116946","32","32","0"
"116947","33","0","33"
"116949","25","0","25"
"116950","34","0","34"
"116951","21","0","21"
"116953","30","0","30"
"116954","23","0","23"
"116955","38","38","0"
"116956","29","0","29"
"116957","26","0","26"
"116958","35","35","0"
"116959","20","0","20"
"116960","29","0","29"
"116963","43","43","0"
"116964","40","40","0"
"116965","49","49","0"
"116966","29","29","0"
"116968","35","35","0"
"116969","36","36","0"
"116970","37","0","37"
"116971","34","34","0"
"116974","40","40","0"
"116975","40","40","0"
"116977","26","0","26"
"116978","39","39","0"
"116980","25","0","25"
"116982","45","45","0"
"116983","29","0","29"
"116984","26","0","26"
"116985","24","0","24"
"116986","20","0","20"
"116987","26","0","26"
"116989","26","0","26"
"116990","30","0","30"
"116991","25","0","25"
"116993","23","0","23"
"116994","35","35","0"
"116996","21","0","21"
"116997","40","40","0"
"116998","30","30","0"
"116999","29","0","29"
"117001","36","0","36"
"117003","43","43","0"
"117005","37","37","0"
"117006","31","31","0"
"117007","40","0","40"
"117008","33","33","0"
"117009","23","0","23"
"117010","44","44","0"
"117011","23","0","23"
"117012","19","0","19"
"117013","25","0","25"
"117018","34","34","0"
"117021","26","0","26"
"117024","35","35","0"
"117026","34","0","34"
"117027","28","0","28"
"117028","42","0","42"
"117029","43","43","0"
"117030","44","44","0"
"117032","24","0","24"
"117035","23","0","23"
"117036","36","36","0"
"117037","35","35","0"
"117038","35","35","0"
"117039","44","44","0"
"117041","22","0","22"
"117042","38","38","0"
"117043","28","28","0"
"117044","40","40","0"
"117045","34","34","0"
"117046","40","40","0"
"117047","40","40","0"
"117048","47","47","0"
"117050","41","41","0"
"117052","27","0","27"
"117054","20","0","20"
"117056","35","35","0"
"117057","28","28","0"
"117059","48","48","0"
"117060","32","0","32"
"117062","28","0","28"
"117063","29","0","29"
"117064","29","0","29"
"117066","34","34","0"
"117067","39","39","0"
"117068","43","43","0"
"117069","28","0","28"
"117070","25","0","25"
"117071","42","42","0"
"117072","30","0","30"
"117074","30","0","30"
"117077","23","0","23"
"117078","27","27","0"
"117080","31","31","0"
"117082","32","0","32"
"117083","27","0","27"
"117084","31","0","31"
"117085","30","30","0"
"117086","36","36","0"
"117093","40","40","0"
"117094","21","0","21"
"117095","18","0","18"
"117096","34","34","0"
"117097","41","41","0"
"117100","39","39","0"
"117101","32","32","0"
"117103","33","0","33"
"117104","40","40","0"
"117105","37","37","0"
"117106","29","0","29"
"117109","42","42","0"
"117111","38","38","0"
"117112","31","0","31"
"117113","38","38","0"
"117114","31","31","0"
"117115","35","0","35"
"117116","30","30","0"
"117117","38","38","0"
"117118","41","41","0"
"117121","29","0","29"
"117125","35","35","0"
"117126","32","32","0"
"117127","40","40","0"
"117128","37","0","37"
"117133","27","27","0"
"117134","34","34","0"
"117136","23","0","23"
"117137","30","30","0"
"117138","16","0","16"
"117139","40","40","0"
"117140","26","0","26"
"117142","35","0","35"
"117143","25","0","25"
"117144","28","0","28"
"117145","30","30","0"
"117148","22","0","22"
"117151","39","39","0"
"117152","34","34","0"
"117153","35","0","35"
"117154","24","0","24"
"117155","34","34","0"
"117156","45","45","0"
"117157","26","0","26"
"117158","43","43","0"
"117159","23","0","23"
"117160","42","42","0"
"117161","38","38","0"
"117162","27","0","27"
"117166","39","39","0"
"117167","39","39","0"
"117168","42","42","0"
"117169","22","0","22"
"117170","20","0","20"
"117173","32","0","32"
"117176","32","0","32"
"117177","38","38","0"
"117178","20","0","20"
"117179","34","34","0"
"117180","28","0","28"
"117181","29","0","29"
"117182","38","38","0"
"117187","23","0","23"
"117188","34","34","0"
"117189","32","0","32"
"117190","45","45","0"
"117191","21","0","21"
"117193","36","36","0"
"117194","32","32","0"
"117196","31","0","31"
"117197","28","0","28"
"117199","41","41","0"
"117200","18","0","18"
"117201","43","43","0"
"117203","40","40","0"
"117204","43","43","0"
"117207","30","0","30"
"117208","34","34","0"
"117209","40","40","0"
"117211","31","0","31"
"117212","25","0","25"
"117213","34","0","34"
"117215","50","50","0"
"117217","30","0","30"
"117219","26","0","26"
"117220","34","0","34"
"117223","25","0","25"
"117224","32","32","0"
"117225","25","0","25"
"117226","26","0","26"
"117227","38","38","0"
"117228","47","47","0"
"117229","41","41","0"
"117230","23","0","23"
"117231","25","25","0"
"117232","40","40","0"
"117233","38","38","0"
"117234","37","37","0"
"117237","42","42","0"
"117238","24","0","24"
"117239","25","0","25"
"117240","21","0","21"
"117241","39","39","0"
"117242","27","0","27"
"117244","50","50","0"
"117245","19","0","19"
"117246","32","32","0"
"117247","26","0","26"
"117249","21","0","21"
"117250","30","0","30"
"117251","31","0","31"
"117252","29","0","29"
"117254","31","31","0"
"117255","44","44","0"
"117256","30","0","30"
"117257","21","0","21"
"117258","34","34","0"
"117261","25","25","0"
"117263","40","40","0"
"117264","38","38","0"
"117265","39","39","0"
"117266","15","0","15"
"117267","34","34","0"
"117270","42","42","0"
"117271","40","40","0"
"117274","39","39","0"
"117275","29","0","29"
"117276","24","0","24"
"117281","33","33","0"
"117282","23","23","0"
"117283","29","29","0"
"117286","28","0","28"
"117287","18","0","18"
"117288","28","0","28"
"117290","29","0","29"
"117291","27","0","27"
"117292","34","0","34"
"117293","28","0","28"
"117294","33","33","0"
"117295","27","0","27"
"117296","32","32","0"
"117299","38","0","38"
"117300","40","40","0"
"117303","32","32","0"
"117304","35","0","35"
"117305","21","21","0"
"117307","42","42","0"
"117309","39","39","0"
"117310","41","41","0"
"117311","30","30","0"
"117312","28","0","28"
"117313","33","33","0"
"117314","22","0","22"
"117316","29","29","0"
"117317","27","27","0"
"117318","26","0","26"
"117319","27","27","0"
"117320","28","0","28"
"117321","27","27","0"
"117322","43","43","0"
"117323","30","0","30"
"117324","29","29","0"
"117326","32","32","0"
"117327","22","0","22"
"117329","32","0","32"
"117330","35","35","0"
"117331","36","36","0"
"117332","39","39","0"
"117333","36","36","0"
"117334","31","31","0"
"117336","37","37","0"
"117337","36","36","0"
"117338","45","45","0"
"117341","27","27","0"
"117343","22","22","0"
"117344","31","31","0"
"117348","17","0","17"
"117350","23","0","23"
"117351","31","0","31"
"117352","28","0","28"
"117353","21","0","21"
"117354","28","28","0"
"117355","21","0","21"
"117359","22","0","22"
"117360","36","36","0"
"117361","24","0","24"
"117362","33","0","33"
"117363","25","25","0"
"117364","25","25","0"
"117365","39","39","0"
"117367","24","0","24"
"117368","25","0","25"
"117369","32","32","0"
"117370","29","0","29"
"117374","35","35","0"
"117375","39","39","0"
"117377","23","0","23"
"117378","37","0","37"
"117379","25","0","25"
"117380","27","27","0"
"117381","39","39","0"
"117382","22","0","22"
"117384","21","0","21"
"117385","42","42","0"
"117387","25","0","25"
"117388","36","0","36"
"117389","47","47","0"
"117390","27","0","27"
"117393","35","35","0"
"117396","34","0","34"
"117397","30","30","0"
"117399","40","40","0"
"117401","34","0","34"
"117402","36","36","0"
"117404","32","0","32"
"117405","31","0","31"
"117406","22","0","22"
"117409","35","35","0"
"117410","25","0","25"
"117413","31","0","31"
"117414","43","43","0"
"117415","25","0","25"
"117416","28","28","0"
"117417","19","0","19"
"117418","32","32","0"
"117420","44","44","0"
"117422","47","47","0"
"117423","26","0","26"
"117424","30","30","0"
"117425","28","28","0"
"117426","20","0","20"
"117427","50","50","0"
"117428","36","36","0"
"117429","23","0","23"
"117431","45","45","0"
"117433","23","0","23"
"117435","20","0","20"
"117436","23","0","23"
"117437","29","0","29"
"117438","37","37","0"
"117439","30","0","30"
"117443","35","0","35"
"117444","35","35","0"
"117445","41","41","0"
"117446","34","0","34"
"117449","39","39","0"
"117450","44","44","0"
"117451","31","0","31"
"117452","35","35","0"
"117453","20","0","20"
"117454","24","0","24"
"117455","37","37","0"
"117457","34","34","0"
"117458","37","37","0"
"117459","25","0","25"
"117461","46","46","0"
"117462","21","0","21"
"117465","24","0","24"
"117467","42","42","0"
"117468","31","31","0"
"117469","25","0","25"
"117470","34","34","0"
"117471","24","0","24"
"117472","29","0","29"
"117475","25","0","25"
"117476","30","30","0"
"117478","35","35","0"
"117479","38","38","0"
"117481","31","0","31"
"117483","36","36","0"
"117484","41","41","0"
"117485","22","0","22"
"117488","41","41","0"
"117489","32","32","0"
"117490","25","0","25"
"117492","27","27","0"
"117493","43","43","0"
"117495","30","30","0"
"117496","32","32","0"
"117497","26","0","26"
"117498","34","34","0"
"117499","22","0","22"
"117500","46","46","0"
"117502","27","0","27"
"117503","22","0","22"
"117504","21","0","21"
"117505","34","34","0"
"117506","28","0","28"
"117507","30","0","30"
"117508","46","46","0"
"117510","25","0","25"
"117511","39","39","0"
"117513","38","38","0"
"117515","35","0","35"
"117516","32","32","0"
"117517","18","0","18"
"117518","24","0","24"
"117519","26","0","26"
"117520","26","0","26"
"117521","30","0","30"
"117522","34","0","34"
"117523","31","31","0"
"117524","38","0","38"
"117526","26","26","0"
"117528","24","0","24"
"117529","19","0","19"
"117531","17","0","17"
"117532","43","43","0"
"117533","29","0","29"
"117534","38","38","0"
"117536","34","34","0"
"117537","24","0","24"
"117540","30","30","0"
"117541","37","37","0"
"117542","31","31","0"
"117543","26","0","26"
"117545","37","37","0"
"117546","44","44","0"
"117547","26","0","26"
"117549","38","38","0"
"117551","17","17","0"
"117553","28","0","28"
"117556","41","41","0"
"117557","39","0","39"
"117558","29","29","0"
"117559","30","30","0"
"117560","30","30","0"
"117561","38","38","0"
"117563","36","36","0"
"117565","27","0","27"
"117567","25","0","25"
"117568","21","0","21"
"117569","27","0","27"
"117570","29","0","29"
"117572","22","0","22"
"117574","40","40","0"
"117575","30","30","0"
"117576","35","35","0"
"117577","28","0","28"
"117578","23","0","23"
"117580","37","37","0"
"117581","39","39","0"
"117582","26","0","26"
"117584","40","40","0"
"117585","27","0","27"
"117586","21","0","21"
"117587","45","45","0"
"117589","39","39","0"
"117590","36","36","0"
"117591","36","0","36"
"117592","24","0","24"
"117593","25","25","0"
"117594","39","39","0"
"117595","22","0","22"
"117597","26","26","0"
"117600","22","0","22"
"117601","44","44","0"
"117602","36","36","0"
"117603","36","36","0"
"117605","27","0","27"
"117606","41","41","0"
"117607","32","32","0"
"117608","44","44","0"
"117610","35","35","0"
"117612","36","36","0"
"117613","30","30","0"
"117614","42","42","0"
"117615","33","33","0"
"117616","33","0","33"
"117617","30","30","0"
"117618","24","0","24"
"117619","17","0","17"
"117621","37","37","0"
"117622","26","26","0"